[
  {
    "id": 0,
    "img_name": "/Image Set Camera_00000",
    "width": 1959,
    "height": 1090,
    "position": [
      -0.9549905599287507,
      0.387002738667115,
      -2.6873733669377806
    ],
    "rotation": [
      [
        0.3355876859009407,
        -0.004293273580861582,
        0.9419991894230119
      ],
      [
        -0.17133604400150643,
        0.9830316587781719,
        0.06551883596149773
      ],
      [
        -0.9262963160336791,
        -0.18338572911160692,
        0.32915772702556884
      ]
    ],
    "fx": 1159.5880733038064,
    "fy": 1164.6601287484507
  },
  {
    "id": 1,
    "img_name": "/Image Set Camera_00001",
    "width": 1959,
    "height": 1090,
    "position": [
      -0.9402670036604923,
      0.38649829265393154,
      -2.6891779849895188
    ],
    "rotation": [
      [
        0.33582852552525744,
        -0.003797368394935828,
        0.9419154852940919
      ],
      [
        -0.17092146225183164,
        0.9831446394503163,
        0.0649035566190582
      ],
      [
        -0.9262856228967539,
        -0.18279003778483316,
        0.3295189628858892
      ]
    ],
    "fx": 1159.5880733038064,
    "fy": 1164.6601287484507
  },
  {
    "id": 2,
    "img_name": "/Image Set Camera_00002",
    "width": 1959,
    "height": 1090,
    "position": [
      -0.8961049459188661,
      0.384041678478279,
      -2.699262307674732
    ],
    "rotation": [
      [
        0.3348842945408729,
        -0.0036630153140913943,
        0.9422521380122576
      ],
      [
        -0.16980153570128026,
        0.9833867076998781,
        0.0641718130699238
      ],
      [
        -0.9268332901570534,
        -0.18148599240162622,
        0.32869877824331517
      ]
    ],
    "fx": 1159.5880733038064,
    "fy": 1164.6601287484507
  },
  {
    "id": 3,
    "img_name": "/Image Set Camera_00003",
    "width": 1959,
    "height": 1090,
    "position": [
      -0.8377639947983961,
      0.3817661299813674,
      -2.7128804967814864
    ],
    "rotation": [
      [
        0.33403545627479264,
        -0.003466076877426927,
        0.9425541365154422
      ],
      [
        -0.16738928604944467,
        0.9838797740286122,
        0.06293979006371345
      ],
      [
        -0.9275781049955568,
        -0.17879758546604288,
        0.3280705451032824
      ]
    ],
    "fx": 1159.5880733038064,
    "fy": 1164.6601287484507
  },
  {
    "id": 4,
    "img_name": "/Image Set Camera_00004",
    "width": 1959,
    "height": 1090,
    "position": [
      -0.7754705054805412,
      0.3805665248418349,
      -2.7281197518763127
    ],
    "rotation": [
      [
        0.3328479388502593,
        -0.003036087615725133,
        0.9429756262889957
      ],
      [
        -0.16498190519442618,
        0.9843833138459264,
        0.06140409090711982
      ],
      [
        -0.9284359000822574,
        -0.17601214047247454,
        0.32714905753302503
      ]
    ],
    "fx": 1159.5880733038064,
    "fy": 1164.6601287484507
  },
  {
    "id": 5,
    "img_name": "/Image Set Camera_00005",
    "width": 1959,
    "height": 1090,
    "position": [
      -0.7447094706991367,
      0.379814105961914,
      -2.736387209376495
    ],
    "rotation": [
      [
        0.3318726677495005,
        -0.003197159870244935,
        0.943318774630079
      ],
      [
        -0.1639978587027338,
        0.9845707641188249,
        0.06103370202921769
      ],
      [
        -0.9289592212480308,
        -0.17495767662848424,
        0.3262277987036281
      ]
    ],
    "fx": 1159.5880733038064,
    "fy": 1164.6601287484507
  },
  {
    "id": 6,
    "img_name": "/Image Set Camera_00006",
    "width": 1959,
    "height": 1090,
    "position": [
      -0.6813757587444808,
      0.37922472918758043,
      -2.7533014441746544
    ],
    "rotation": [
      [
        0.33002013284906856,
        -0.0024279966674268937,
        0.943970771129311
      ],
      [
        -0.16179417949459193,
        0.9850533171124534,
        0.059098273472448504
      ],
      [
        -0.9300050297691701,
        -0.17223259644427213,
        0.3246945908482456
      ]
    ],
    "fx": 1159.5880733038064,
    "fy": 1164.6601287484507
  },
  {
    "id": 7,
    "img_name": "/Image Set Camera_00007",
    "width": 1959,
    "height": 1090,
    "position": [
      -0.6469447091341438,
      0.3783167919657422,
      -2.762010904828769
    ],
    "rotation": [
      [
        0.3291898060670398,
        -0.0022049290806685717,
        0.9442611979051633
      ],
      [
        -0.16089219309949096,
        0.985243208681791,
        0.058391111875396015
      ],
      [
        -0.9304556807184214,
        -0.17114601378401462,
        0.3239772649194092
      ]
    ],
    "fx": 1159.5880733038064,
    "fy": 1164.6601287484507
  },
  {
    "id": 8,
    "img_name": "/Image Set Camera_00008",
    "width": 1959,
    "height": 1090,
    "position": [
      -0.5794649459422176,
      0.3752741314986321,
      -2.782418442414024
    ],
    "rotation": [
      [
        0.32606887021308545,
        -0.003215188343180364,
        0.9453405494539414
      ],
      [
        -0.15915586486465041,
        0.9855336371731472,
        0.05824826760902332
      ],
      [
        -0.9318521892216314,
        -0.16944943955110958,
        0.32084012354857944
      ]
    ],
    "fx": 1159.5880733038064,
    "fy": 1164.6601287484507
  },
  {
    "id": 9,
    "img_name": "/Image Set Camera_00009",
    "width": 1959,
    "height": 1090,
    "position": [
      -0.5251074693340269,
      0.37388131237084876,
      -2.798795910918018
    ],
    "rotation": [
      [
        0.32324673213312455,
        -0.0038398396863658676,
        0.9463069300160699
      ],
      [
        -0.15786219770977558,
        0.9857608082023123,
        0.057923704530734754
      ],
      [
        -0.9330547018795284,
        -0.1681097398829323,
        0.31803779438456226
      ]
    ],
    "fx": 1159.5880733038064,
    "fy": 1164.6601287484507
  },
  {
    "id": 10,
    "img_name": "/Image Set Camera_00010",
    "width": 1959,
    "height": 1090,
    "position": [
      -0.5063541758475889,
      0.3729591035307007,
      -2.8036536409767834
    ],
    "rotation": [
      [
        0.322383231348933,
        -0.004152874979164416,
        0.9466001298195705
      ],
      [
        -0.15754414429536892,
        0.9858084015688398,
        0.05797963430834321
      ],
      [
        -0.9334071430749072,
        -0.16782296930306254,
        0.31715383685373094
      ]
    ],
    "fx": 1159.5880733038064,
    "fy": 1164.6601287484507
  },
  {
    "id": 11,
    "img_name": "/Image Set Camera_00011",
    "width": 1959,
    "height": 1090,
    "position": [
      -0.4315094544028418,
      0.37126419233181207,
      -2.8253407892604985
    ],
    "rotation": [
      [
        0.31733629505385574,
        -0.005082384813779882,
        0.9482994491225315
      ],
      [
        -0.15615195734509463,
        0.9860556932400589,
        0.05753899587377507
      ],
      [
        -0.935368506022513,
        -0.16633802690146116,
        0.31211763607290893
      ]
    ],
    "fx": 1159.5880733038064,
    "fy": 1164.6601287484507
  },
  {
    "id": 12,
    "img_name": "/Image Set Camera_00012",
    "width": 1959,
    "height": 1090,
    "position": [
      -0.3732000655591883,
      0.3685959490090355,
      -2.841817897371375
    ],
    "rotation": [
      [
        0.31224288596797584,
        -0.006776750558312912,
        0.94997813438745
      ],
      [
        -0.15559335935576807,
        0.9861066421645388,
        0.05817556878419883
      ],
      [
        -0.9371739895487798,
        -0.16597519673387537,
        0.30685036643676167
      ]
    ],
    "fx": 1159.5880733038064,
    "fy": 1164.6601287484507
  },
  {
    "id": 13,
    "img_name": "/Image Set Camera_00013",
    "width": 1959,
    "height": 1090,
    "position": [
      -0.33490871195440935,
      0.36742023358150133,
      -2.8510064861725164
    ],
    "rotation": [
      [
        0.30868381415274476,
        -0.007636940168256368,
        0.9511340494509595
      ],
      [
        -0.15482742647477282,
        0.9862277040502455,
        0.05816686148469931
      ],
      [
        -0.9384789666749663,
        -0.16521680576941272,
        0.30325012151694114
      ]
    ],
    "fx": 1159.5880733038064,
    "fy": 1164.6601287484507
  },
  {
    "id": 14,
    "img_name": "/Image Set Camera_00014",
    "width": 1959,
    "height": 1090,
    "position": [
      -0.25813680850839377,
      0.36612496646376164,
      -2.8733604878882777
    ],
    "rotation": [
      [
        0.2956418206237612,
        -0.008165389375505068,
        0.9552639636847055
      ],
      [
        -0.15456125100945395,
        0.9863797187866044,
        0.05626606484242435
      ],
      [
        -0.9427124341943625,
        -0.1642813951207066,
        0.2903530430915679
      ]
    ],
    "fx": 1159.5880733038064,
    "fy": 1164.6601287484507
  },
  {
    "id": 15,
    "img_name": "/Image Set Camera_00015",
    "width": 1959,
    "height": 1090,
    "position": [
      -0.18013904721862786,
      0.36232479885897145,
      -2.8938043760318686
    ],
    "rotation": [
      [
        0.27651740239442013,
        -0.008407875812921881,
        0.9609721295632652
      ],
      [
        -0.15593993746313603,
        0.9863165733852429,
        0.05350096232392317
      ],
      [
        -0.9482725673966508,
        -0.16464788091532517,
        0.271422573182588
      ]
    ],
    "fx": 1159.5880733038064,
    "fy": 1164.6601287484507
  },
  {
    "id": 16,
    "img_name": "/Image Set Camera_00016",
    "width": 1959,
    "height": 1090,
    "position": [
      -0.1367325850383469,
      0.36176441649144564,
      -2.9057192187007534
    ],
    "rotation": [
      [
        0.26429405495205244,
        -0.00865970004453945,
        0.9644032673690712
      ],
      [
        -0.15659773072701827,
        0.9863046310256101,
        0.05177186058645705
      ],
      [
        -0.9516437375657709,
        -0.1647063581425255,
        0.2593183609759948
      ]
    ],
    "fx": 1159.5880733038064,
    "fy": 1164.6601287484507
  },
  {
    "id": 17,
    "img_name": "/Image Set Camera_00017",
    "width": 1959,
    "height": 1090,
    "position": [
      -0.09229329010012595,
      0.3614338761228243,
      -2.91503799310434
    ],
    "rotation": [
      [
        0.25238432330022853,
        -0.008510088122783427,
        0.9675896504988196
      ],
      [
        -0.15667098931557039,
        0.986407549532601,
        0.04954136990404626
      ],
      [
        -0.9548593375252535,
        -0.16409669291375611,
        0.24762051796166307
      ]
    ],
    "fx": 1159.5880733038064,
    "fy": 1164.6601287484507
  },
  {
    "id": 18,
    "img_name": "/Image Set Camera_00018",
    "width": 1959,
    "height": 1090,
    "position": [
      -0.003318271089526932,
      0.3608972969029728,
      -2.9354691142838885
    ],
    "rotation": [
      [
        0.22228763798263804,
        -0.008825256633040898,
        0.9749411884034138
      ],
      [
        -0.15667032429358352,
        0.9866410661690393,
        0.04465216718777108
      ],
      [
        -0.962311080413108,
        -0.16266997692931,
        0.21793545631671482
      ]
    ],
    "fx": 1159.5880733038064,
    "fy": 1164.6601287484507
  },
  {
    "id": 19,
    "img_name": "/Image Set Camera_00019",
    "width": 1959,
    "height": 1090,
    "position": [
      0.041331123586011334,
      0.3606635317663519,
      -2.94514553552968
    ],
    "rotation": [
      [
        0.2045241352261386,
        -0.009446879220279312,
        0.9788159349862453
      ],
      [
        -0.15685191989925698,
        0.9867159689523003,
        0.0422974211795501
      ],
      [
        -0.9662128923451173,
        -0.1621800021196221,
        0.20032546912103344
      ]
    ],
    "fx": 1159.5880733038064,
    "fy": 1164.6601287484507
  },
  {
    "id": 20,
    "img_name": "/Image Set Camera_00020",
    "width": 1959,
    "height": 1090,
    "position": [
      0.15138087683253282,
      0.3557732335871202,
      -2.966388476006881
    ],
    "rotation": [
      [
        0.1550144320162136,
        -0.011495069424759218,
        0.9878453265798297
      ],
      [
        -0.1580149993970499,
        0.9867700475851874,
        0.036278549506246614
      ],
      [
        -0.9751932043611876,
        -0.1617180774299733,
        0.15114720506880752
      ]
    ],
    "fx": 1159.5880733038064,
    "fy": 1164.6601287484507
  },
  {
    "id": 21,
    "img_name": "/Image Set Camera_00021",
    "width": 1959,
    "height": 1090,
    "position": [
      0.22298766628203487,
      0.3554443862795327,
      -2.9759820866318285
    ],
    "rotation": [
      [
        0.12338173555186875,
        -0.012158285247813858,
        0.9922847995570836
      ],
      [
        -0.15758040613986807,
        0.9869976372518776,
        0.031687216034314646
      ],
      [
        -0.9797680148550487,
        -0.16027426542974355,
        0.11986157394241558
      ]
    ],
    "fx": 1159.5880733038064,
    "fy": 1164.6601287484507
  },
  {
    "id": 22,
    "img_name": "/Image Set Camera_00022",
    "width": 1959,
    "height": 1090,
    "position": [
      0.24678681653544998,
      0.35518006012195613,
      -2.9789339182144796
    ],
    "rotation": [
      [
        0.112082064666007,
        -0.012849388726019378,
        0.9936158734589402
      ],
      [
        -0.1572852215282244,
        0.9870819020243633,
        0.030507012059239124
      ],
      [
        -0.9811722427122683,
        -0.15970038166933992,
        0.10861315862106566
      ]
    ],
    "fx": 1159.5880733038064,
    "fy": 1164.6601287484507
  },
  {
    "id": 23,
    "img_name": "/Image Set Camera_00023",
    "width": 1959,
    "height": 1090,
    "position": [
      0.3458754808024499,
      0.35305768039957086,
      -2.9901254940824376
    ],
    "rotation": [
      [
        0.06383571058027321,
        -0.014949727747356659,
        0.9978484392406453
      ],
      [
        -0.15657334124000338,
        0.9873546985333478,
        0.024809032570085522
      ],
      [
        -0.9856012331910169,
        -0.15782016640595087,
        0.06068775995161567
      ]
    ],
    "fx": 1159.5880733038064,
    "fy": 1164.6601287484507
  },
  {
    "id": 24,
    "img_name": "/Image Set Camera_00024",
    "width": 1959,
    "height": 1090,
    "position": [
      0.45497326965398344,
      0.35503381623765584,
      -2.9984484323810605
    ],
    "rotation": [
      [
        0.008346631292230707,
        -0.016431810005240396,
        0.9998301502585443
      ],
      [
        -0.1532746665812939,
        0.9880283484811069,
        0.017517396555702613
      ],
      [
        -0.9881483746535562,
        -0.1533948441690536,
        0.005728128131163042
      ]
    ],
    "fx": 1159.5880733038064,
    "fy": 1164.6601287484507
  },
  {
    "id": 25,
    "img_name": "/Image Set Camera_00025",
    "width": 1959,
    "height": 1090,
    "position": [
      0.5304669252143646,
      0.35390478015656257,
      -3.0012192629831382
    ],
    "rotation": [
      [
        -0.0360823120801727,
        -0.01840411445325681,
        0.9991793409224093
      ],
      [
        -0.15133399289595387,
        0.9884005763772553,
        0.012740612672745514
      ],
      [
        -0.9878239161657892,
        -0.15075008851838517,
        -0.03844894618299219
      ]
    ],
    "fx": 1159.5880733038064,
    "fy": 1164.6601287484507
  },
  {
    "id": 26,
    "img_name": "/Image Set Camera_00026",
    "width": 1959,
    "height": 1090,
    "position": [
      0.601203384033302,
      0.35265067066961425,
      -3.0072024811438114
    ],
    "rotation": [
      [
        -0.08563294131560178,
        -0.020347755981333145,
        0.9961189528305154
      ],
      [
        -0.14901989010659067,
        0.9888066013608492,
        0.007387655773395271
      ],
      [
        -0.9851193185164213,
        -0.14780891019059259,
        -0.08770663802706724
      ]
    ],
    "fx": 1159.5880733038064,
    "fy": 1164.6601287484507
  },
  {
    "id": 27,
    "img_name": "/Image Set Camera_00027",
    "width": 1959,
    "height": 1090,
    "position": [
      0.6484808703678595,
      0.3519943553045786,
      -3.0123101015827816
    ],
    "rotation": [
      [
        -0.12176555563996028,
        -0.021788800340356955,
        0.9923197053568068
      ],
      [
        -0.14722785323629206,
        0.9890958610163582,
        0.003651979154097526
      ],
      [
        -0.9815788856180254,
        -0.14565241467286827,
        -0.12364572539654671
      ]
    ],
    "fx": 1159.5880733038064,
    "fy": 1164.6601287484507
  },
  {
    "id": 28,
    "img_name": "/Image Set Camera_00028",
    "width": 1959,
    "height": 1090,
    "position": [
      0.7405030582685529,
      0.3513270330708884,
      -3.0181219648743225
    ],
    "rotation": [
      [
        -0.19742533889192382,
        -0.024045907773173836,
        0.9800229741606945
      ],
      [
        -0.14177143233235445,
        0.989890202334624,
        -0.00427180247084219
      ],
      [
        -0.9700124208162707,
        -0.139782622815861,
        -0.1988384314484427
      ]
    ],
    "fx": 1159.5880733038064,
    "fy": 1164.6601287484507
  },
  {
    "id": 29,
    "img_name": "/Image Set Camera_00029",
    "width": 1959,
    "height": 1090,
    "position": [
      0.8084769171293631,
      0.34723991728729675,
      -3.023629182527617
    ],
    "rotation": [
      [
        -0.2577173914204356,
        -0.025387976632459577,
        0.9658867411875761
      ],
      [
        -0.1380596388657658,
        0.9903649704245554,
        -0.010805622250653232
      ],
      [
        -0.9563060609845053,
        -0.13613477145270114,
        -0.25873933161740315
      ]
    ],
    "fx": 1159.5880733038064,
    "fy": 1164.6601287484507
  },
  {
    "id": 30,
    "img_name": "/Image Set Camera_00030",
    "width": 1959,
    "height": 1090,
    "position": [
      0.8316489404306516,
      0.3453194675211194,
      -3.024685621013848
    ],
    "rotation": [
      [
        -0.27820147516576516,
        -0.025798533077675316,
        0.9601762207567069
      ],
      [
        -0.13704059218957182,
        0.9904788934620736,
        -0.013093421954462156
      ],
      [
        -0.9506964895843066,
        -0.13522572720154336,
        -0.2790881355322905
      ]
    ],
    "fx": 1159.5880733038064,
    "fy": 1164.6601287484507
  },
  {
    "id": 31,
    "img_name": "/Image Set Camera_00031",
    "width": 1959,
    "height": 1090,
    "position": [
      0.9207875966117801,
      0.3446536962722637,
      -3.0293532021686347
    ],
    "rotation": [
      [
        -0.3616234746636937,
        -0.026787258853974986,
        0.9319393249215568
      ],
      [
        -0.12861181265394553,
        0.9914639289924575,
        -0.02140745554019305
      ],
      [
        -0.9234107776163452,
        -0.12759984431780888,
        -0.36198178892321037
      ]
    ],
    "fx": 1159.5880733038064,
    "fy": 1164.6601287484507
  },
  {
    "id": 32,
    "img_name": "/Image Set Camera_00032",
    "width": 1959,
    "height": 1090,
    "position": [
      1.01564179205861,
      0.34200103942651494,
      -3.021129037463522
    ],
    "rotation": [
      [
        -0.44327197602411916,
        -0.02688993507429615,
        0.8959837535711085
      ],
      [
        -0.11991682531231662,
        0.9923442232681556,
        -0.02954483970740354
      ],
      [
        -0.8883298431768957,
        -0.120539926738077,
        -0.44310294039115894
      ]
    ],
    "fx": 1159.5880733038064,
    "fy": 1164.6601287484507
  },
  {
    "id": 33,
    "img_name": "/Image Set Camera_00033",
    "width": 1959,
    "height": 1090,
    "position": [
      1.0886648725608052,
      0.3347382547541594,
      -3.004317249114437
    ],
    "rotation": [
      [
        -0.5017464583624959,
        -0.026209441927486154,
        0.86461757828218
      ],
      [
        -0.11437299358876897,
        0.9927752826405569,
        -0.0362774932362446
      ],
      [
        -0.857420147802835,
        -0.11709100448715988,
        -0.5011191343482629
      ]
    ],
    "fx": 1159.5880733038064,
    "fy": 1164.6601287484507
  },
  {
    "id": 34,
    "img_name": "/Image Set Camera_00034",
    "width": 1959,
    "height": 1090,
    "position": [
      1.1141233353607332,
      0.33272146805878183,
      -2.996877579995857
    ],
    "rotation": [
      [
        -0.5207013846218983,
        -0.025958211306980616,
        0.8533441505738352
      ],
      [
        -0.11238924325278825,
        0.992922982419031,
        -0.03837458775234223
      ],
      [
        -0.8463088833599134,
        -0.11588840429412585,
        -0.5199337954934817
      ]
    ],
    "fx": 1159.5880733038064,
    "fy": 1164.6601287484507
  },
  {
    "id": 35,
    "img_name": "/Image Set Camera_00035",
    "width": 1959,
    "height": 1090,
    "position": [
      1.2185617833838713,
      0.33033449247065305,
      -2.95013623096287
    ],
    "rotation": [
      [
        -0.5910404544553579,
        -0.022521872039988258,
        0.8063274437082112
      ],
      [
        -0.10112189199361388,
        0.9937930805456943,
        -0.04636459877030301
      ],
      [
        -0.8002784166506278,
        -0.10894071020198871,
        -0.5896493682722389
      ]
    ],
    "fx": 1159.5880733038064,
    "fy": 1164.6601287484507
  },
  {
    "id": 36,
    "img_name": "/Image Set Camera_00036",
    "width": 1959,
    "height": 1090,
    "position": [
      1.3171669764931704,
      0.325839262293108,
      -2.896059786806603
    ],
    "rotation": [
      [
        -0.6572214271671264,
        -0.019172679852126964,
        0.753453650876876
      ],
      [
        -0.0912806044056905,
        0.9943426091091038,
        -0.05431967387081703
      ],
      [
        -0.7481496153388956,
        -0.1044757582283466,
        -0.6552533624567483
      ]
    ],
    "fx": 1159.5880733038064,
    "fy": 1164.6601287484507
  },
  {
    "id": 37,
    "img_name": "/Image Set Camera_00037",
    "width": 1959,
    "height": 1090,
    "position": [
      1.3892664570721598,
      0.3206384103647981,
      -2.856069035445534
    ],
    "rotation": [
      [
        -0.7051214812251706,
        -0.016865807589319205,
        0.7088859155387286
      ],
      [
        -0.08434950331117119,
        0.9946137826086485,
        -0.06023773515060777
      ],
      [
        -0.7040517438413032,
        -0.10226909591502269,
        -0.7027461661330809
      ]
    ],
    "fx": 1159.5880733038064,
    "fy": 1164.6601287484507
  },
  {
    "id": 38,
    "img_name": "/Image Set Camera_00038",
    "width": 1959,
    "height": 1090,
    "position": [
      1.4125764780983618,
      0.31912219756331417,
      -2.8414065029505675
    ],
    "rotation": [
      [
        -0.7201859210416253,
        -0.016085262531234327,
        0.6935946247360394
      ],
      [
        -0.08194391667920062,
        0.9947055185986792,
        -0.062017141087001695
      ],
      [
        -0.6889248388994973,
        -0.10149973201262215,
        -0.7176909994897998
      ]
    ],
    "fx": 1159.5880733038064,
    "fy": 1164.6601287484507
  },
  {
    "id": 39,
    "img_name": "/Image Set Camera_00039",
    "width": 1959,
    "height": 1090,
    "position": [
      1.4958500813534232,
      0.31591786182469184,
      -2.767949174450216
    ],
    "rotation": [
      [
        -0.7723910560964056,
        -0.011424167813736447,
        0.6350445219447555
      ],
      [
        -0.07027804790449793,
        0.9952360389133611,
        -0.06757383244108585
      ],
      [
        -0.6312472197523031,
        -0.09682311313837436,
        -0.7695142833743771
      ]
    ],
    "fx": 1159.5880733038064,
    "fy": 1164.6601287484507
  },
  {
    "id": 40,
    "img_name": "/Image Set Camera_00040",
    "width": 1959,
    "height": 1090,
    "position": [
      1.567513690018916,
      0.31131200614687365,
      -2.6961280045439393
    ],
    "rotation": [
      [
        -0.8164586050490266,
        -0.0068073729311359105,
        0.5773638418841052
      ],
      [
        -0.05923930910228376,
        0.995641541033148,
        -0.07203211801843896
      ],
      [
        -0.5743570757799382,
        -0.09301387768991615,
        -0.8133033677900292
      ]
    ],
    "fx": 1159.5880733038064,
    "fy": 1164.6601287484507
  },
  {
    "id": 41,
    "img_name": "/Image Set Camera_00041",
    "width": 1959,
    "height": 1090,
    "position": [
      1.6160550495306067,
      0.3079087558808114,
      -2.6390520424211052
    ],
    "rotation": [
      [
        -0.8442279092754086,
        -0.003926499400504997,
        0.5359699803187961
      ],
      [
        -0.05206364285611252,
        0.9958451147100719,
        -0.07471201108680492
      ],
      [
        -0.5334497298649835,
        -0.09097851455448991,
        -0.840924667016276
      ]
    ],
    "fx": 1159.5880733038064,
    "fy": 1164.6601287484507
  },
  {
    "id": 42,
    "img_name": "/Image Set Camera_00042",
    "width": 1959,
    "height": 1090,
    "position": [
      1.6307476923531095,
      0.30669648580289294,
      -2.619746955854464
    ],
    "rotation": [
      [
        -0.8528027389230435,
        -0.0028397964943786586,
        0.5222254532682467
      ],
      [
        -0.049563899087367844,
        0.9959114887763554,
        -0.0755230192095124
      ],
      [
        -0.5198758586360904,
        -0.09028976730025212,
        -0.849456796740278
      ]
    ],
    "fx": 1159.5880733038064,
    "fy": 1164.6601287484507
  },
  {
    "id": 43,
    "img_name": "/Image Set Camera_00043",
    "width": 1959,
    "height": 1090,
    "position": [
      1.6878718372227914,
      0.3009213619084495,
      -2.536975032013714
    ],
    "rotation": [
      [
        -0.8827651872040653,
        0.0008554165649870759,
        0.4698136785184867
      ],
      [
        -0.04101436159179154,
        0.9960401819865158,
        -0.07887824802495377
      ],
      [
        -0.46802077561128563,
        -0.08890007947560394,
        -0.8792345133497899
      ]
    ],
    "fx": 1159.5880733038064,
    "fy": 1164.6601287484507
  },
  {
    "id": 44,
    "img_name": "/Image Set Camera_00044",
    "width": 1959,
    "height": 1090,
    "position": [
      1.7460863064326306,
      0.2981498117322996,
      -2.4424557184041302
    ],
    "rotation": [
      [
        -0.907617425588775,
        0.004174002574579674,
        0.4197775440279194
      ],
      [
        -0.033315386353811136,
        0.9960805341534693,
        -0.08193689347684381
      ],
      [
        -0.4184742450852868,
        -0.08835240338013878,
        -0.9039209915790497
      ]
    ],
    "fx": 1159.5880733038064,
    "fy": 1164.6601287484507
  },
  {
    "id": 45,
    "img_name": "/Image Set Camera_00045",
    "width": 1959,
    "height": 1090,
    "position": [
      1.7868257918864792,
      0.2937830482200128,
      -2.364712051573459
    ],
    "rotation": [
      [
        -0.923745888663638,
        0.006578257667403186,
        0.3829494218602329
      ],
      [
        -0.02808085724926872,
        0.9959983522263772,
        -0.08484543487122746
      ],
      [
        -0.38197512829132163,
        -0.08912916968312204,
        -0.9198646598703668
      ]
    ],
    "fx": 1159.5880733038064,
    "fy": 1164.6601287484507
  },
  {
    "id": 46,
    "img_name": "/Image Set Camera_00046",
    "width": 1959,
    "height": 1090,
    "position": [
      1.7986846550859799,
      0.29237769188802887,
      -2.3372170154138527
    ],
    "rotation": [
      [
        -0.9286548517421775,
        0.007845311661034299,
        0.3708619924185485
      ],
      [
        -0.025796804846552113,
        0.995989909691386,
        -0.0856657729355986
      ],
      [
        -0.37004687702428085,
        -0.08912099010831215,
        -0.9247284779472787
      ]
    ],
    "fx": 1159.5880733038064,
    "fy": 1164.6601287484507
  },
  {
    "id": 47,
    "img_name": "/Image Set Camera_00047",
    "width": 1959,
    "height": 1090,
    "position": [
      1.8475401326190595,
      0.28584845937997894,
      -2.2230878881760927
    ],
    "rotation": [
      [
        -0.9471955882214604,
        0.013502705485179437,
        0.3203719628781238
      ],
      [
        -0.01595492266886532,
        0.9958908358311178,
        -0.0891452946050877
      ],
      [
        -0.32025920454599266,
        -0.08954953965363449,
        -0.9430879714275812
      ]
    ],
    "fx": 1159.5880733038064,
    "fy": 1164.6601287484507
  },
  {
    "id": 48,
    "img_name": "/Image Set Camera_00048",
    "width": 1959,
    "height": 1090,
    "position": [
      1.8899719512721638,
      0.27841194400063984,
      -2.099867453115219
    ],
    "rotation": [
      [
        -0.9631688739744304,
        0.019358963758832455,
        0.2681994607172281
      ],
      [
        -0.005664270837510425,
        0.9957230765862594,
        -0.09221426565056844
      ],
      [
        -0.2688375647909107,
        -0.0903370647950136,
        -0.9589398200520793
      ]
    ],
    "fx": 1159.5880733038064,
    "fy": 1164.6601287484507
  },
  {
    "id": 49,
    "img_name": "/Image Set Camera_00049",
    "width": 1959,
    "height": 1090,
    "position": [
      1.917406753633708,
      0.27547578271745476,
      -1.9996387467996084
    ],
    "rotation": [
      [
        -0.9734971317986114,
        0.02420344326423779,
        0.22741488015086372
      ],
      [
        0.0030232572193109944,
        0.9956591918042476,
        -0.09302490898409184
      ],
      [
        -0.22867923888202613,
        -0.08987194840364546,
        -0.9693445407049393
      ]
    ],
    "fx": 1159.5880733038064,
    "fy": 1164.6601287484507
  },
  {
    "id": 50,
    "img_name": "/Image Set Camera_00050",
    "width": 1959,
    "height": 1090,
    "position": [
      1.9256949382735764,
      0.2754203654816877,
      -1.965563645101882
    ],
    "rotation": [
      [
        -0.9766307938701535,
        0.026408277539390266,
        0.2132953242383814
      ],
      [
        0.006616793629900714,
        0.99564645237396,
        -0.09297504997152403
      ],
      [
        -0.21482204380978462,
        -0.08939096572109859,
        -0.9725537233185817
      ]
    ],
    "fx": 1159.5880733038064,
    "fy": 1164.6601287484507
  },
  {
    "id": 51,
    "img_name": "/Image Set Camera_00051",
    "width": 1959,
    "height": 1090,
    "position": [
      1.9571069760671782,
      0.2716482252126303,
      -1.8302453851987863
    ],
    "rotation": [
      [
        -0.9876899672843288,
        0.033138453168067836,
        0.1528737107795499
      ],
      [
        0.0190473903518132,
        0.9955086484328671,
        -0.09273471742638752
      ],
      [
        -0.1552601862895551,
        -0.08868130477724187,
        -0.9838851054550724
      ]
    ],
    "fx": 1159.5880733038064,
    "fy": 1164.6601287484507
  },
  {
    "id": 52,
    "img_name": "/Image Set Camera_00052",
    "width": 1959,
    "height": 1090,
    "position": [
      1.980143752927628,
      0.2641160679151291,
      -1.6997012370666587
    ],
    "rotation": [
      [
        -0.9953838730299666,
        0.038807509439702646,
        0.08777768807020853
      ],
      [
        0.03060460376102328,
        0.9952013512882826,
        -0.09293884345421492
      ],
      [
        -0.09096319882509739,
        -0.08982342458993478,
        -0.9917950639393414
      ]
    ],
    "fx": 1159.5880733038064,
    "fy": 1164.6601287484507
  },
  {
    "id": 53,
    "img_name": "/Image Set Camera_00053",
    "width": 1959,
    "height": 1090,
    "position": [
      1.9898976703884201,
      0.2580678024392471,
      -1.6054084998785008
    ],
    "rotation": [
      [
        -0.998288959165707,
        0.04365059764006174,
        0.03890731722330438
      ],
      [
        0.0399106834938047,
        0.9949401512207414,
        -0.09220213030025619
      ],
      [
        -0.04273513017304084,
        -0.09049155106701129,
        -0.9949798931810531
      ]
    ],
    "fx": 1159.5880733038064,
    "fy": 1164.6601287484507
  },
  {
    "id": 54,
    "img_name": "/Image Set Camera_00054",
    "width": 1959,
    "height": 1090,
    "position": [
      1.9925463445274219,
      0.25555365800283186,
      -1.5734707093155147
    ],
    "rotation": [
      [
        -0.998720054665411,
        0.04527562408645069,
        0.02254706794021712
      ],
      [
        0.0430224003301988,
        0.994829696433557,
        -0.09199428332100283
      ],
      [
        -0.02659559134417715,
        -0.09090650668406106,
        -0.9955042348295432
      ]
    ],
    "fx": 1159.5880733038064,
    "fy": 1164.6601287484507
  },
  {
    "id": 55,
    "img_name": "/Image Set Camera_00055",
    "width": 1959,
    "height": 1090,
    "position": [
      1.9970067664102347,
      0.25072033452302434,
      -1.479053553108449
    ],
    "rotation": [
      [
        -0.9984076121642013,
        0.04978836170281311,
        -0.026520916491098327
      ],
      [
        0.05199419282761831,
        0.9945596452474966,
        -0.09026469939781594
      ],
      [
        0.021882501794411077,
        -0.09149989663449615,
        -0.9955646262453755
      ]
    ],
    "fx": 1159.5880733038064,
    "fy": 1164.6601287484507
  },
  {
    "id": 56,
    "img_name": "/Image Set Camera_00056",
    "width": 1959,
    "height": 1090,
    "position": [
      1.9936801397549326,
      0.24007363403014514,
      -1.3253094351672787
    ],
    "rotation": [
      [
        -0.9924356649247355,
        0.05674733039216153,
        -0.10886317779102783
      ],
      [
        0.0664454159463612,
        0.99393461298541,
        -0.08762985683691446
      ],
      [
        0.10323012004794493,
        -0.0942004543667701,
        -0.9901867585016378
      ]
    ],
    "fx": 1159.5880733038064,
    "fy": 1164.6601287484507
  },
  {
    "id": 57,
    "img_name": "/Image Set Camera_00057",
    "width": 1959,
    "height": 1090,
    "position": [
      1.990825237240327,
      0.23794349097327497,
      -1.2944218813108064
    ],
    "rotation": [
      [
        -0.9904636289376031,
        0.058217593063884646,
        -0.12486997881637557
      ],
      [
        0.06937648980027726,
        0.9937932045034533,
        -0.08695958455368341
      ],
      [
        0.11903235868765341,
        -0.09479334649966273,
        -0.9883549559974133
      ]
    ],
    "fx": 1159.5880733038064,
    "fy": 1164.6601287484507
  },
  {
    "id": 58,
    "img_name": "/Image Set Camera_00058",
    "width": 1959,
    "height": 1090,
    "position": [
      1.9797963152123748,
      0.23073447202844127,
      -1.2034693895440824
    ],
    "rotation": [
      [
        -0.983119823421745,
        0.06155886925316375,
        -0.17229601972033184
      ],
      [
        0.07714045189007362,
        0.9933692141315075,
        -0.08524643745017442
      ],
      [
        0.16590588741027945,
        -0.09709845535343573,
        -0.9813496453815961
      ]
    ],
    "fx": 1159.5880733038064,
    "fy": 1164.6601287484507
  },
  {
    "id": 59,
    "img_name": "/Image Set Camera_00059",
    "width": 1959,
    "height": 1090,
    "position": [
      1.9559719131141227,
      0.21980186734523097,
      -1.0797178964415943
    ],
    "rotation": [
      [
        -0.9700746790178002,
        0.0656866766725719,
        -0.23375281310868737
      ],
      [
        0.08703934539682703,
        0.9928056380588499,
        -0.08222601407980219
      ],
      [
        0.22666995716548713,
        -0.10011106605302422,
        -0.9688129360058749
      ]
    ],
    "fx": 1159.5880733038064,
    "fy": 1164.6601287484507
  },
  {
    "id": 60,
    "img_name": "/Image Set Camera_00060",
    "width": 1959,
    "height": 1090,
    "position": [
      1.9264183571706603,
      0.20648405857295735,
      -0.9623719645118372
    ],
    "rotation": [
      [
        -0.9532925786748289,
        0.06941577301210965,
        -0.29396379011814794
      ],
      [
        0.09635132642541938,
        0.9922751446977228,
        -0.07814383604082772
      ],
      [
        0.2862685475904706,
        -0.10281774006583083,
        -0.9526168332483936
      ]
    ],
    "fx": 1159.5880733038064,
    "fy": 1164.6601287484507
  },
  {
    "id": 61,
    "img_name": "/Image Set Camera_00061",
    "width": 1959,
    "height": 1090,
    "position": [
      1.9177027259954205,
      0.20244758272893185,
      -0.9329154173925619
    ],
    "rotation": [
      [
        -0.9487287122109921,
        0.07022713013351864,
        -0.30819146779182927
      ],
      [
        0.09851567152792225,
        0.9921371708102726,
        -0.07719129976875841
      ],
      [
        0.3003472874688148,
        -0.10359529183219493,
        -0.9481874932840695
      ]
    ],
    "fx": 1159.5880733038064,
    "fy": 1164.6601287484507
  },
  {
    "id": 62,
    "img_name": "/Image Set Camera_00062",
    "width": 1959,
    "height": 1090,
    "position": [
      1.8942171839677788,
      0.1914433296596863,
      -0.8488621163517043
    ],
    "rotation": [
      [
        -0.9334172011967766,
        0.07334575871393187,
        -0.3512160705159349
      ],
      [
        0.10528415992158013,
        0.9917816925465678,
        -0.07269332843578205
      ],
      [
        0.3429979215382851,
        -0.10483069210943438,
        -0.9334682382450264
      ]
    ],
    "fx": 1159.5880733038064,
    "fy": 1164.6601287484507
  },
  {
    "id": 63,
    "img_name": "/Image Set Camera_00063",
    "width": 1959,
    "height": 1090,
    "position": [
      1.8599060919575263,
      0.1779959290524633,
      -0.7401329822260593
    ],
    "rotation": [
      [
        -0.9114754032793623,
        0.07664144715164352,
        -0.4041518004354624
      ],
      [
        0.11277275725715799,
        0.9914044530106485,
        -0.06632884569533111
      ],
      [
        0.3955943559220001,
        -0.10603442426475826,
        -0.912283840936306
      ]
    ],
    "fx": 1159.5880733038064,
    "fy": 1164.6601287484507
  },
  {
    "id": 64,
    "img_name": "/Image Set Camera_00064",
    "width": 1959,
    "height": 1090,
    "position": [
      1.823228309708208,
      0.1643922582747197,
      -0.6386661297622277
    ],
    "rotation": [
      [
        -0.8886172901073893,
        0.07926351984511087,
        -0.45174838809226925
      ],
      [
        0.11879853523073469,
        0.9911169781285922,
        -0.05978330613373331
      ],
      [
        0.4429968620083348,
        -0.10679152628842561,
        -0.8901400733388857
      ]
    ],
    "fx": 1159.5880733038064,
    "fy": 1164.6601287484507
  },
  {
    "id": 65,
    "img_name": "/Image Set Camera_00065",
    "width": 1959,
    "height": 1090,
    "position": [
      1.794894161802273,
      0.15257075089659297,
      -0.5708574601887083
    ],
    "rotation": [
      [
        -0.8722374273140352,
        0.08155119824755395,
        -0.4822357021799417
      ],
      [
        0.12288935882727714,
        0.9909117176368097,
        -0.054700761759669335
      ],
      [
        0.47339209528636406,
        -0.10697368795388673,
        -0.8743320617511007
      ]
    ],
    "fx": 1159.5880733038064,
    "fy": 1164.6601287484507
  },
  {
    "id": 66,
    "img_name": "/Image Set Camera_00066",
    "width": 1959,
    "height": 1090,
    "position": [
      1.7644935097973036,
      0.14073781932413448,
      -0.5021521694183761
    ],
    "rotation": [
      [
        -0.8582662853600097,
