[
  {
    "id": 1,
    "img_name": "/Image Set Camera_00000",
    "width": 1959,
    "height": 1090,
    "position": [
      -0.19822467154055262,
      3.13150243978778,
      4.084694691392869
    ],
    "rotation": [
      [
        0.996782777719796,
        -0.07983753753311462,
        -0.007075425206751678
      ],
      [
        0.0751380560495379,
        0.9615264960289439,
        -0.2642367687650561
      ],
      [
        0.0278992217508719,
        0.26285502664957683,
        0.9644318889329334
      ]
    ],
    "fx": 1159.5880733038064,
    "fy": 1164.6601287484507
  },
  {
    "id": 2,
    "img_name": "/Image Set Camera_00001",
    "width": 1959,
    "height": 1090,
    "position": [
      -0.1998967783518847,
      3.088885890493612,
      4.026974978959417
    ],
    "rotation": [
      [
        0.9970424127865815,
        -0.07658064502679335,
        -0.006467759425967855
      ],
      [
        0.07210753435376463,
        0.9612707202149615,
        -0.2660058381818522
      ],
      [
        0.026588166430436284,
        0.26475272853115106,
        0.9639497197163232
      ]
    ],
    "fx": 1159.5880733038064,
    "fy": 1164.6601287484507
  },
  {
    "id": 3,
    "img_name": "/Image Set Camera_00002",
    "width": 1959,
    "height": 1090,
    "position": [
      -0.19997055866414637,
      3.0437334741766553,
      3.9657742015139448
    ],
    "rotation": [
      [
        0.9973426221900333,
        -0.0726271591366893,
        -0.005743667716915705
      ],
      [
        0.06843189195877988,
        0.9609393499692841,
        -0.2681653255802317
      ],
      [
        0.024995402098190123,
        0.26705965894598127,
        0.963355784971267
      ]
    ],
    "fx": 1159.5880733038064,
    "fy": 1164.6601287484507
  },
  {
    "id": 4,
    "img_name": "/Image Set Camera_00003",
    "width": 1959,
    "height": 1090,
    "position": [
      -0.19465291876778942,
      2.982895043406833,
      3.8794721562839767
    ],
    "rotation": [
      [
        0.9977953233284196,
        -0.06616900100279505,
        -0.005114298605540853
      ],
      [
        0.06230012640051508,
        0.9604351152401085,
        -0.2714462813600498
      ],
      [
        0.022873281234103076,
        0.27052920862637286,
        0.9624400034732419
      ]
    ],
    "fx": 1159.5880733038064,
    "fy": 1164.6601287484507
  },
  {
    "id": 5,
    "img_name": "/Image Set Camera_00004",
    "width": 1959,
    "height": 1090,
    "position": [
      -0.18889855572059588,
      2.911225445487153,
      3.781600087058287
    ],
    "rotation": [
      [
        0.9982923432449007,
        -0.05821055483798852,
        -0.004891699506215225
      ],
      [
        0.05461451100954557,
        0.9597673311319276,
        -0.27543406702709283
      ],
      [
        0.02072806324271035,
        0.27469656240541196,
        0.9613075189536676
      ]
    ],
    "fx": 1159.5880733038064,
    "fy": 1164.6601287484507
  },
  {
    "id": 6,
    "img_name": "/Image Set Camera_00005",
    "width": 1959,
    "height": 1090,
    "position": [
      -0.18810638338927946,
      2.9031722661660893,
      3.770479958453004
    ],
    "rotation": [
      [
        0.9983403388267829,
        -0.05738037862688952,
        -0.00490510141171252
      ],
      [
        0.05380256074437601,
        0.9596769308479538,
        -0.27590845013445925
      ],
      [
        0.020539044003363777,
        0.2751866285757476,
        0.9611714036136018
      ]
    ],
    "fx": 1159.5880733038064,
    "fy": 1164.6601287484507
  },
  {
    "id": 7,
    "img_name": "/Image Set Camera_00006",
    "width": 1959,
    "height": 1090,
    "position": [
      -0.18255012806388943,
      2.8352277170002127,
      3.682220000895319
    ],
    "rotation": [
      [
        0.9986775950244041,
        -0.051173981276335795,
        -0.004927964752447294
      ],
      [
        0.04775298263026721,
        0.9588623949893219,
        -0.2798259461259
      ],
      [
        0.01904504781263433,
        0.2792205778872161,
        0.9600381008262868
      ]
    ],
    "fx": 1159.5880733038064,
    "fy": 1164.6601287484507
  },
  {
    "id": 8,
    "img_name": "/Image Set Camera_00007",
    "width": 1959,
    "height": 1090,
    "position": [
      -0.18162400025512013,
      2.7621360833523614,
      3.5852724522863832
    ],
    "rotation": [
      [
        0.9989505425579848,
        -0.045569506789099205,
        -0.004607990245881346
      ],
      [
        0.042374388201387045,
        0.9576931370113861,
        -0.2846546443426641
      ],
      [
        0.017384612381817627,
        0.2841606506402473,
        0.9586190587924096
      ]
    ],
    "fx": 1159.5880733038064,
    "fy": 1164.6601287484507
  },
  {
    "id": 9,
    "img_name": "/Image Set Camera_00008",
    "width": 1959,
    "height": 1090,
    "position": [
      -0.18074311737951548,
      2.7245905782589244,
      3.537311383896374
    ],
    "rotation": [
      [
        0.9990678896418607,
        -0.04294092658209698,
        -0.00440780113318244
      ],
      [
        0.03986489209985476,
        0.9569962756368322,
        -0.2873480795048037
      ],
      [
        0.016557242053725746,
        0.2869045228669339,
        0.9578160849004735
      ]
    ],
    "fx": 1159.5880733038064,
    "fy": 1164.6601287484507
  },
  {
    "id": 10,
    "img_name": "/Image Set Camera_00009",
    "width": 1959,
    "height": 1090,
    "position": [
      -0.1786962505717708,
      2.647922179541984,
      3.4403663568467158
    ],
    "rotation": [
      [
        0.999245001673135,
        -0.03868136339954255,
        -0.003630255749788853
      ],
      [
        0.03592226942047634,
        0.9554609865130779,
        -0.2929230168681504
      ],
      [
        0.014799229403555292,
        0.29257145345540564,
        0.9561291374244655
      ]
    ],
    "fx": 1159.5880733038064,
    "fy": 1164.6601287484507
  },
  {
    "id": 11,
    "img_name": "/Image Set Camera_00010",
    "width": 1959,
    "height": 1090,
    "position": [
      -0.17778481300079374,
      2.581889013876729,
      3.362330411360369
    ],
    "rotation": [
      [
        0.9993439732157844,
        -0.0361065115965901,
        -0.002818335965566422
      ],
      [
        0.03363700028785808,
        0.9541980909151158,
        -0.2972785823189808
      ],
      [
        0.013422943377819031,
        0.2969887592389209,
        0.9547866261509962
      ]
    ],
    "fx": 1159.5880733038064,
    "fy": 1164.6601287484507
  },
  {
    "id": 12,
    "img_name": "/Image Set Camera_00011",
    "width": 1959,
    "height": 1090,
    "position": [
      -0.17483793495461145,
      2.535955689855135,
      3.31402571686975
    ],
    "rotation": [
      [
        0.9993918448520167,
        -0.03478482900451684,
        -0.002440515193408514
      ],
      [
        0.03245076312323067,
        0.9533818173827533,
        -0.30001676329278404
      ],
      [
        0.012762774620070128,
        0.29975510997326626,
        0.953930807568826
      ]
    ],
    "fx": 1159.5880733038064,
    "fy": 1164.6601287484507
  },
  {
    "id": 13,
    "img_name": "/Image Set Camera_00012",
    "width": 1959,
    "height": 1090,
    "position": [
      -0.16648424557090935,
      2.4392657641065307,
      3.2121527116451505
    ],
    "rotation": [
      [
        0.9994661627129564,
        -0.03262719747288396,
        -0.0016898452306777292
      ],
      [
        0.030558457662767997,
        0.9518872635963165,
        -0.30492100299649644
      ],
      [
        0.01155725993092764,
        0.30470658573155585,
        0.9523761475145768
      ]
    ],
    "fx": 1159.5880733038064,
    "fy": 1164.6601287484507
  },
  {
    "id": 14,
    "img_name": "/Image Set Camera_00013",
    "width": 1959,
    "height": 1090,
    "position": [
      -0.16266706866827924,
      2.390305325578829,
      3.1558233354179124
    ],
    "rotation": [
      [
        0.9995055391513609,
        -0.031410552792279535,
        -0.0014333105144296657
      ],
      [
        0.029451098196777784,
        0.9511744141223768,
        -0.30724561304265535
      ],
      [
        0.011014082837490696,
        0.30705147954738266,
        0.9516291708890666
      ]
    ],
    "fx": 1159.5880733038064,
    "fy": 1164.6601287484507
  },
  {
    "id": 15,
    "img_name": "/Image Set Camera_00014",
    "width": 1959,
    "height": 1090,
    "position": [
      -0.15526756597421962,
      2.2839100782512887,
      3.0369424670658525
    ],
    "rotation": [
      [
        0.9995703224283927,
        -0.029308413801910505,
        -0.0004328981577934373
      ],
      [
        0.02771780296068566,
        0.9499196516632227,
        -0.3112625560247401
      ],
      [
        0.009533830260270226,
        0.3111168144996953,
        0.9503238573329256
      ]
    ],
    "fx": 1159.5880733038064,
    "fy": 1164.6601287484507
  },
  {
    "id": 16,
    "img_name": "/Image Set Camera_00015",
    "width": 1959,
    "height": 1090,
    "position": [
      -0.15127558451636405,
      2.2262318763907625,
      2.9740918255040736
    ],
    "rotation": [
      [
        0.9996034218207343,
        -0.02815876287261211,
        0.0002883708778346119
      ],
      [
        0.02683605483430196,
        0.9494456502804013,
        -0.31278232578673043
      ],
      [
        0.008533770866945036,
        0.3126660218781536,
        0.9498247909576168
      ]
    ],
    "fx": 1159.5880733038064,
    "fy": 1164.6601287484507
  },
  {
    "id": 17,
    "img_name": "/Image Set Camera_00016",
    "width": 1959,
    "height": 1090,
    "position": [
      -0.14853564573012976,
      2.1790677385895654,
      2.924006388937092
    ],
    "rotation": [
      [
        0.9996223504821568,
        -0.027461972799012534,
        0.0009982316937510553
      ],
      [
        0.026389212344359682,
        0.9491726452561048,
        -0.3136477306938041
      ],
      [
        0.007665891231449086,
        0.31355562432767026,
        0.9495388904958619
      ]
    ],
    "fx": 1159.5880733038064,
    "fy": 1164.6601287484507
  },
  {
    "id": 18,
    "img_name": "/Image Set Camera_00017",
    "width": 1959,
    "height": 1090,
    "position": [
      -0.14320773482279905,
      2.1304585311856195,
      2.871578271180504
    ],
    "rotation": [
      [
        0.999638167771336,
        -0.026845155285793853,
        0.0016944534363841721
      ],
      [
        0.026018252624772382,
        0.9490178415350228,
        -0.3141467602547573
      ],
      [
        0.006825252018789103,
        0.31407717854993544,
        0.9493729203263552
      ]
    ],
    "fx": 1159.5880733038064,
    "fy": 1164.6601287484507
  },
  {
    "id": 19,
    "img_name": "/Image Set Camera_00018",
    "width": 1959,
    "height": 1090,
    "position": [
      -0.13181228770663345,
      2.0313193984466404,
      2.7633704045250425
    ],
    "rotation": [
      [
        0.9996834698607121,
        -0.025012293500602963,
        0.002710214214081949
      ],
      [
        0.02459480671916219,
        0.9489105019935774,
        -0.31458536947662413
      ],
      [
        0.005296750861950315,
        0.31455245092056866,
        0.9492253157444599
      ]
    ],
    "fx": 1159.5880733038064,
    "fy": 1164.6601287484507
  },
  {
    "id": 20,
    "img_name": "/Image Set Camera_00019",
    "width": 1959,
    "height": 1090,
    "position": [
      -0.12628562035250404,
      1.9796218309515714,
      2.7065857076199187
    ],
    "rotation": [
      [
        0.9996971445061995,
        -0.02440333773633119,
        0.0031774791072942503
      ],
      [
        0.024164953612311715,
        0.9490021227021195,
        -0.31434221180711
      ],
      [
        0.004655564741850379,
        0.31432379517656267,
        0.949304417720015
      ]
    ],
    "fx": 1159.5880733038064,
    "fy": 1164.6601287484507
  },
  {
    "id": 21,
    "img_name": "/Image Set Camera_00020",
    "width": 1959,
    "height": 1090,
    "position": [
      -0.12004077235652863,
      1.9006163843761135,
      2.62178792922494
    ],
    "rotation": [
      [
        0.9997093761267807,
        -0.023763234260148654,
        0.004058568922691667
      ],
      [
        0.023838213982060937,
        0.9493542633289438,
        -0.31330212615509634
      ],
      [
        0.0035920521082545083,
        0.31330782211214536,
        0.9496448313790772
      ]
    ],
    "fx": 1159.5880733038064,
    "fy": 1164.6601287484507
  },
  {
    "id": 22,
    "img_name": "/Image Set Camera_00021",
    "width": 1959,
    "height": 1090,
    "position": [
      -0.10770676772402189,
      1.7895997443728988,
      2.5039831175505496
    ],
    "rotation": [
      [
        0.9997268762761986,
        -0.022869690404136445,
        0.004811456313121753
      ],
      [
        0.023231349228124722,
        0.9500715246041928,
        -0.3111661976328821
      ],
      [
        0.0025450469691222985,
        0.31119298738416956,
        0.9503433312960328
      ]
    ],
    "fx": 1159.5880733038064,
    "fy": 1164.6601287484507
  },
  {
    "id": 23,
    "img_name": "/Image Set Camera_00022",
    "width": 1959,
    "height": 1090,
    "position": [
      -0.10045780418421896,
      1.733563515133774,
      2.444554505707706
    ],
    "rotation": [
      [
        0.9997401164496817,
        -0.022237891978987397,
        0.005017541380758937
      ],
      [
        0.022698345883813233,
        0.9505617693243681,
        -0.30970487208480535
      ],
      [
        0.0021177004782355633,
        0.3097382747728439,
        0.9508194973208253
      ]
    ],
    "fx": 1159.5880733038064,
    "fy": 1164.6601287484507
  },
  {
    "id": 24,
    "img_name": "/Image Set Camera_00023",
    "width": 1959,
    "height": 1090,
    "position": [
      -0.08456470601394528,
      1.6205529060229684,
      2.334274606781305
    ],
    "rotation": [
      [
        0.9997714340605646,
        -0.020724136748551544,
        0.005252598643481938
      ],
      [
        0.02133705399085242,
        0.9517483015203289,
        -0.3061370619186131
      ],
      [
        0.0013452744974992122,
        0.3061791643943079,
        0.9519729563004034
      ]
    ],
    "fx": 1159.5880733038064,
    "fy": 1164.6601287484507
  },
  {
    "id": 25,
    "img_name": "/Image Set Camera_00024",
    "width": 1959,
    "height": 1090,
    "position": [
      -0.07001842553219531,
      1.4840420648274728,
      2.1990488477109054
    ],
    "rotation": [
      [
        0.9998107525154281,
        -0.018652361466703113,
        0.0055270757412214325
      ],
      [
        0.019450848107635428,
        0.9533180858875964,
        -0.3013408230351528
      ],
      [
        0.00035165668974850223,
        0.30139130135311637,
        0.9535004770875826
      ]
    ],
    "fx": 1159.5880733038064,
    "fy": 1164.6601287484507
  },
  {
    "id": 26,
    "img_name": "/Image Set Camera_00025",
    "width": 1959,
    "height": 1090,
    "position": [
      -0.06796120969473918,
      1.468624552229259,
      2.186307540512644
    ],
    "rotation": [
      [
        0.9998143329650526,
        -0.018463666818033388,
        0.005512948873299147
      ],
      [
        0.01926687173759077,
        0.9535227692479766,
        -0.3007043667443439
      ],
      [
        0.00029538296190457055,
        0.30075475313501254,
        0.9537014686030443
      ]
    ],
    "fx": 1159.5880733038064,
    "fy": 1164.6601287484507
  },
  {
    "id": 27,
    "img_name": "/Image Set Camera_00026",
    "width": 1959,
    "height": 1090,
    "position": [
      -0.050362455471480126,
      1.3486415251812653,
      2.075300718440679
    ],
    "rotation": [
      [
        0.9998361142440526,
        -0.017122462789318824,
        0.005879278984903129
      ],
      [
        0.018095057856446602,
        0.9552352024228604,
        -0.2952935436702413
      ],
      [
        -0.0005599415378246098,
        0.2953515351579965,
        0.9553884849344213
      ]
    ],
    "fx": 1159.5880733038064,
    "fy": 1164.6601287484507
  },
  {
    "id": 28,
    "img_name": "/Image Set Camera_00027",
    "width": 1959,
    "height": 1090,
    "position": [
      -0.030940268240217127,
      1.2338427784667827,
      1.9714399770930406
    ],
    "rotation": [
      [
        0.9998595484985769,
        -0.015745774219970476,
        0.00574054617920466
      ],
      [
        0.016732539395359423,
        0.9573089054162883,
        -0.2885821923405022
      ],
      [
        -0.0009515259348084275,
        0.2886377144533985,
        0.9574379167306429
      ]
    ],
    "fx": 1159.5880733038064,
    "fy": 1164.6601287484507
  },
  {
    "id": 29,
    "img_name": "/Image Set Camera_00028",
    "width": 1959,
    "height": 1090,
    "position": [
      -0.021345802016958418,
      1.1742319431238553,
      1.9141447765720596
    ],
    "rotation": [
      [
        0.9998701245747279,
        -0.015086436566151867,
        0.005668634284717316
      ],
      [
        0.016075778491991842,
        0.958543116357777,
        -0.28449369664194263
      ],
      [
        -0.0011416342649067542,
        0.2845478756112172,
        0.9586611513753691
      ]
    ],
    "fx": 1159.5880733038064,
    "fy": 1164.6601287484507
  },
  {
    "id": 30,
    "img_name": "/Image Set Camera_00029",
    "width": 1959,
    "height": 1090,
    "position": [
      -0.004716320586007758,
      1.059141492904894,
      1.8058015752789838
    ],
    "rotation": [
      [
        0.9998948091942579,
        -0.013474902298079534,
        0.005366335289157329
      ],
      [
        0.014431399852673674,
        0.9612919410764119,
        -0.2751536638313883
      ],
      [
        -0.0014509461294943196,
        0.2752021639260883,
        0.9613852837056159
      ]
    ],
    "fx": 1159.5880733038064,
    "fy": 1164.6601287484507
  },
  {
    "id": 31,
    "img_name": "/Image Set Camera_00030",
    "width": 1959,
    "height": 1090,
    "position": [
      0.007721921539947064,
      0.9702846123701547,
      1.7262138828570268
    ],
    "rotation": [
      [
        0.9998978142674647,
        -0.013315866213253294,
        0.0052008393685709815
      ],
      [
        0.014220013824815667,
        0.9637959860888063,
        -0.26626131601478925
      ],
      [
        -0.001467048045903664,
        0.26630806391488815,
        0.963886851691595
      ]
    ],
    "fx": 1159.5880733038064,
    "fy": 1164.6601287484507
  },
  {
    "id": 32,
    "img_name": "/Image Set Camera_00031",
    "width": 1959,
    "height": 1090,
    "position": [
      0.01632753139733862,
      0.8788020558472629,
      1.64077174257202
    ],
    "rotation": [
      [
        0.9998929754084266,
        -0.013604164122288494,
        0.005381862820401385
      ],
      [
        0.014529091257441673,
        0.9665026758498856,
        -0.2562449669403165
      ],
      [
        -0.0017155862312084956,
        0.2562957360034396,
        0.966596892437762
      ]
    ],
    "fx": 1159.5880733038064,
    "fy": 1164.6601287484507
  },
  {
    "id": 33,
    "img_name": "/Image Set Camera_00032",
    "width": 1959,
    "height": 1090,
    "position": [
      0.024676674287728424,
      0.8162113906597127,
      1.588757061644799
    ],
    "rotation": [
      [
        0.9998974794106431,
        -0.013313324374864825,
        0.005271248650196752
      ],
      [
        0.014205634801087441,
        0.9685347188647815,
        -0.2484727314886221
      ],
      [
        -0.0017973892568679559,
        0.24852213935102116,
        0.9686245483386486
      ]
    ],
    "fx": 1159.5880733038064,
    "fy": 1164.6601287484507
  },
  {
    "id": 34,
    "img_name": "/Image Set Camera_00033",
    "width": 1959,
    "height": 1090,
    "position": [
      0.04694309443642235,
      0.6934069952476785,
      1.492335441498955
    ],
    "rotation": [
      [
        0.9999146063847901,
        -0.012190884436554151,
        0.004707682551415718
      ],
      [
        0.012950780064930114,
        0.97259280641595,
        -0.23215406566255986
      ],
      [
        -0.001748494798428342,
        0.23219520934894614,
        0.9726676346632178
      ]
    ],
    "fx": 1159.5880733038064,
    "fy": 1164.6601287484507
  },
  {
    "id": 35,
    "img_name": "/Image Set Camera_00034",
    "width": 1959,
    "height": 1090,
    "position": [
      0.060917442706727463,
      0.6322880890511903,
      1.4310798837186862
    ],
    "rotation": [
      [
        0.9999267116359096,
        -0.01147601665080744,
        0.0038564749223411483
      ],
      [
        0.012048088250682442,
        0.974550788215302,
        -0.22384281261286243
      ],
      [
        -0.0011895068305913332,
        0.2238728706895136,
        0.9746176290436861
      ]
    ],
    "fx": 1159.5880733038064,
    "fy": 1164.6601287484507
  },
  {
    "id": 36,
    "img_name": "/Image Set Camera_00035",
    "width": 1959,
    "height": 1090,
    "position": [
      0.07281759229139632,
      0.5735308534888433,
      1.376281586385391
    ],
    "rotation": [
      [
        0.999934504418835,
        -0.010918207110396079,
        0.003432145998256273
      ],
      [
        0.0114006914681854,
        0.9765719935932969,
        -0.2148887283299451
      ],
      [
        -0.001005538018224407,
        0.2149137829053972,
        0.9766325075536784
      ]
    ],
    "fx": 1159.5880733038064,
    "fy": 1164.6601287484507
  },
  {
    "id": 37,
    "img_name": "/Image Set Camera_00036",
    "width": 1959,
    "height": 1090,
    "position": [
      0.09649083319929823,
      0.4489836347872451,
      1.2512283423500015
    ],
    "rotation": [
      [
        0.9999460124240239,
        -0.010185878141471323,
        0.0020542939860157816
      ],
      [
        0.010390933026123116,
        0.9807266712205203,
        -0.19510823885106515
      ],
      [
        -2.7352157279561074e-05,
        0.19511905146142125,
        0.9807795649424262
      ]
    ],
    "fx": 1159.5880733038064,
    "fy": 1164.6601287484507
  },
  {
    "id": 38,
    "img_name": "/Image Set Camera_00037",
    "width": 1959,
    "height": 1090,
    "position": [
      0.10798528685103932,
      0.3856717527482044,
      1.1875537465404622
    ],
    "rotation": [
      [
        0.9999441215823562,
        -0.010514876529308256,
        0.0010913681612677389
      ],
      [
        0.01053593284293664,
        0.9828224420667155,
        -0.18425265666781238
      ],
      [
        0.0008647728136080525,
        0.18425385950256515,
        0.9828783075367925
      ]
    ],
    "fx": 1159.5880733038064,
    "fy": 1164.6601287484507
  },
  {
    "id": 39,
    "img_name": "/Image Set Camera_00038",
    "width": 1959,
    "height": 1090,
    "position": [
      0.11874155989832796,
      0.2581366324765564,
      1.0617853020409005
    ],
    "rotation": [
      [
        0.9999423761623637,
        -0.010729443076541008,
        -0.00035129194874438784
      ],
      [
        0.01053152411797931,
        0.9867900509287718,
        -0.16166162929942318
      ],
      [
        0.0020811906492213773,
        0.16164861409631376,
        0.9868461856876292
      ]
    ],
    "fx": 1159.5880733038064,
    "fy": 1164.6601287484507
  },
  {
    "id": 40,
    "img_name": "/Image Set Camera_00039",
    "width": 1959,
    "height": 1090,
    "position": [
      0.12187123186032776,
      0.19131973718491183,
      0.9935618781924869
    ],
    "rotation": [
      [
        0.999939436270459,
        -0.010949521264265545,
        -0.0011098536840419369
      ],
      [
        0.01066020427609011,
        0.9886847615512488,
        -0.1496288819751793
      ],
      [
        0.002735660049899283,
        0.1496079886250514,
        0.9887416072481515
      ]
    ],
    "fx": 1159.5880733038064,
    "fy": 1164.6601287484507
  },
  {
    "id": 41,
    "img_name": "/Image Set Camera_00040",
    "width": 1959,
    "height": 1090,
    "position": [
      0.12324803021470326,
      0.09039145609663893,
      0.8851897472524637
    ],
    "rotation": [
      [
        0.9999325620883096,
        -0.011395687815211348,
        -0.0022382079275951377
      ],
      [
        0.011004890188718896,
        0.9913412339659021,
        -0.13084895960953094
      ],
      [
        0.0037099417034698414,
        0.1308155041964853,
        0.9913997882763421
      ]
    ],
    "fx": 1159.5880733038064,
    "fy": 1164.6601287484507
  },
  {
    "id": 42,
    "img_name": "/Image Set Camera_00041",
    "width": 1959,
    "height": 1090,
    "position": [
      0.1225596366726948,
      -0.06844703222985479,
      0.7108516369199894
    ],
    "rotation": [
      [
        0.9999257434657545,
        -0.011620077859540268,
        -0.003671695112112433
      ],
      [
        0.011206888540411896,
        0.99517376045906,
        -0.09748636901134512
      ],
      [
        0.004786773830135784,
        0.09743798173357035,
        0.9952300872220391
      ]
    ],
    "fx": 1159.5880733038064,
    "fy": 1164.6601287484507
  },
  {
    "id": 43,
    "img_name": "/Image Set Camera_00042",
    "width": 1959,
    "height": 1090,
    "position": [
      0.1221477121879003,
      -0.12761237051524582,
      0.638021831224761
    ],
    "rotation": [
      [
        0.9999273091621931,
        -0.011296486090937976,
        -0.0042149488316076105
      ],
      [
        0.010904276271474018,
        0.9964329967656517,
        -0.08368022296587146
      ],
      [
        0.005145206570313209,
        0.08362817921382623,
        0.9964837452215309
      ]
    ],
    "fx": 1159.5880733038064,
    "fy": 1164.6601287484507
  },
  {
    "id": 44,
    "img_name": "/Image Set Camera_00043",
    "width": 1959,
    "height": 1090,
    "position": [
      0.11998146712293253,
      -0.18323926716992903,
      0.5599087321533315
    ],
    "rotation": [
      [
        0.9999283869588088,
        -0.01103162579408209,
        -0.004639416589875598
      ],
      [
        0.01068078121496178,
        0.997500703673985,
        -0.06984459236435582
      ],
      [
        0.005398320719741445,
        0.0697900379871243,
        0.9975470959965563
      ]
    ],
    "fx": 1159.5880733038064,
    "fy": 1164.6601287484507
  },
  {
    "id": 45,
    "img_name": "/Image Set Camera_00044",
    "width": 1959,
    "height": 1090,
    "position": [
      0.10654954774565556,
      -0.3411429674080926,
      0.34796654159976675
    ],
    "rotation": [
      [
        0.999942000108915,
        -0.00963491685215861,
        -0.004812981969063063
      ],
      [
        0.009465097639925701,
        0.9993722088364507,
        -0.034140886514853225
      ],
      [
        0.005138905024342158,
        0.03409335100287744,
        0.9994054407859431
      ]
    ],
    "fx": 1159.5880733038064,
    "fy": 1164.6601287484507
  },
  {
    "id": 46,
    "img_name": "/Image Set Camera_00045",
    "width": 1959,
    "height": 1090,
    "position": [
      0.10515277008301023,
      -0.35581901990144804,
      0.32941670463835004
    ],
    "rotation": [
      [
        0.9999426116034661,
        -0.009556396078195832,
        -0.004842395444013823
      ],
      [
        0.00940093858032861,
        0.9994699252905039,
        -0.031168747065021936
      ],
      [
        0.005137689504870026,
        0.031121435278455067,
        0.9995024064066882
      ]
    ],
    "fx": 1159.5880733038064,
    "fy": 1164.6601287484507
  },
  {
    "id": 47,
    "img_name": "/Image Set Camera_00046",
    "width": 1959,
    "height": 1090,
    "position": [
      0.08717070247151788,
      -0.4658628472883758,
      0.17534820804039034
    ],
    "rotation": [
      [
        0.9999600859274387,
        -0.00786864066753072,
        -0.004232144377849157
      ],
      [
        0.00782522046974908,
        0.999917561853008,
        -0.01018014845353543
      ],
      [
        0.004311899417831832,
        0.010146624659534892,
        0.9999392249189093
      ]
    ],
    "fx": 1159.5880733038064,
    "fy": 1164.6601287484507
  },
  {
    "id": 48,
    "img_name": "/Image Set Camera_00047",
    "width": 1959,
    "height": 1090,
    "position": [
      0.07548801755181622,
      -0.5735785118229952,
      0.026872727476211083
    ],
    "rotation": [
      [
        0.9999745256519287,
        -0.006206651839781761,
        -0.0035249851261981674
      ],
      [
        0.006239359612180547,
        0.9999368695616554,
        0.00934490678748149
      ],
      [
        0.003466762009436882,
        -0.009366662381903229,
        0.9999501223546069
      ]
    ],
    "fx": 1159.5880733038064,
    "fy": 1164.6601287484507
  },
  {
    "id": 49,
    "img_name": "/Image Set Camera_00048",
    "width": 1959,
    "height": 1090,
    "position": [
      0.06864487573964181,
      -0.6271963574542447,
      -0.05892963994404879
    ],
    "rotation": [
      [
        0.9999785634712668,
        -0.005657298601273523,
        -0.0032965998358306463
      ],
      [
        0.005717783403982608,
        0.9998099748407623,
        0.018636554452456874
      ],
      [
        0.0031905408454854576,
        -0.01865500419325275,
        0.9998208895935626
      ]
    ],
    "fx": 1159.5880733038064,
    "fy": 1164.6601287484507
  },
  {
    "id": 50,
    "img_name": "/Image Set Camera_00049",
    "width": 1959,
    "height": 1090,
    "position": [
      0.06385570983284382,
      -0.6786634190073699,
      -0.1522720964250843
    ],
    "rotation": [
      [
        0.9999842760035859,
        -0.004566177761812392,
        -0.003255421052901976
      ],
      [
        0.004654463079702065,
        0.9996068734162062,
        0.027648410307219668
      ],
      [
        0.0031278937040503476,
        -0.027663127800814757,
        0.9996124087071209
      ]
    ],
    "fx": 1159.5880733038064,
    "fy": 1164.6601287484507
  },
  {
    "id": 51,
    "img_name": "/Image Set Camera_00050",
    "width": 1959,
    "height": 1090,
    "position": [
      0.054247358107723825,
      -0.7570023658051553,
      -0.307126632022567
    ],
    "rotation": [
      [
        0.9999920956070637,
        -0.0027397725340800364,
        -0.0028813833231024614
      ],
      [
        0.002855895820350255,
        0.9991509261288384,
        0.04110073813142265
      ],
      [
        0.0027663301423471267,
        -0.041108642185627764,
        0.9991508529522444
      ]
    ],
    "fx": 1159.5880733038064,
    "fy": 1164.6601287484507
  },
  {
    "id": 52,
    "img_name": "/Image Set Camera_00051",
    "width": 1959,
    "height": 1090,
    "position": [
      0.04033810728278391,
      -0.8811742513660027,
      -0.5755117301416157
    ],
    "rotation": [
      [
        0.9999967407224492,
        0.0008243513161385188,
        -0.00241640008822548
      ],
      [
        -0.0006732436566011207,
        0.9980832930652346,
        0.06188123178344117
      ],
      [
        0.0024627804322841624,
        -0.06187940326930039,
        0.998080595024058
      ]
    ],
    "fx": 1159.5880733038064,
    "fy": 1164.6601287484507
  },
  {
    "id": 53,
    "img_name": "/Image Set Camera_00052",
    "width": 1959,
    "height": 1090,
    "position": [
      0.03858806021451357,
      -0.9498235273748913,
      -0.742671064642179
    ],
    "rotation": [
      [
        0.9999937383668641,
        0.0026817427686332603,
        -0.002309000386887966
      ],
      [
        -0.002505396816559605,
        0.9973100321005204,
        0.07325587251852726
      ],
      [
        0.0024992426563538316,
        -0.07324962885490977,
        0.9973105061407719
      ]
    ],
    "fx": 1159.5880733038064,
    "fy": 1164.6601287484507
  },
  {
    "id": 54,
    "img_name": "/Image Set Camera_00053",
    "width": 1959,
    "height": 1090,
    "position": [
      0.041697768958352005,
      -1.0154541797490606,
      -0.9089735438344595
    ],
    "rotation": [
      [
        0.9999902545106791,
        0.0037795304953859637,
        -0.0022816732679104036
      ],
      [
        -0.0035758362057497274,
        0.9965018061863851,
        0.08349469242234418
      ],
      [
        0.0025892622688130297,
        -0.08348571983582975,
        0.9965056097706608
      ]
    ],
    "fx": 1159.5880733038064,
    "fy": 1164.6601287484507
  },
  {
    "id": 55,
    "img_name": "/Image Set Camera_00054",
    "width": 1959,
    "height": 1090,
    "position": [
      0.04936380238369609,
      -1.0915560706878464,
      -1.0992880319470115
    ],
    "rotation": [
      [
        0.999986918875001,
        0.004595395117897855,
        -0.0022459792056684627
      ],
      [
        -0.004361148680745615,
        0.9954638850673007,
        0.09504016997512306
      ],
      [
        0.0026725383189629606,
        -0.09502913169352992,
        0.9954709044811442
      ]
    ],
    "fx": 1159.5880733038064,
    "fy": 1164.6601287484507
  },
  {
    "id": 56,
    "img_name": "/Image Set Camera_00055",
    "width": 1959,
    "height": 1090,
    "position": [
      0.05083634951297814,
      -1.1031766740009668,
      -1.122480942782761
    ],
    "rotation": [
      [
        0.9999869947551945,
        0.004563162591467824,
        -0.002277689100491561
      ],
      [
        -0.004321714806064124,
        0.9953104836858695,
        0.09663521017794396
      ],
      [
        0.0027079700163989136,
        -0.09662410989066955,
        0.9953172601167058
      ]
    ],
    "fx": 1159.5880733038064,
    "fy": 1164.6601287484507
  },
  {
    "id": 57,
    "img_name": "/Image Set Camera_00056",
    "width": 1959,
    "height": 1090,
    "position": [
      0.053836180366735265,
      -1.1944004493671219,
      -1.3277877971721774
    ],
    "rotation": [
      [
        0.9999911088528991,
        0.003941983468345117,
        -0.0014976586676219202
      ],
      [
        -0.0037548040231656257,
        0.9940089115976368,
        0.10923454174952606
      ],
      [
        0.001919286819896518,
        -0.10922794711435634,
        0.9940148750935704
      ]
    ],
    "fx": 1159.5880733038064,
    "fy": 1164.6601287484507
  },
  {
    "id": 58,
    "img_name": "/Image Set Camera_00057",
    "width": 1959,
    "height": 1090,
    "position": [
      0.05381675361342063,
      -1.2367238831951934,
      -1.427830253839565
    ],
    "rotation": [
      [
        0.9999949417625033,
        0.0030605473413922294,
        -0.0008657363218528146
      ],
      [
        -0.0029408954426112387,
        0.9933811918499394,
        0.11482664678892934
      ],
      [
        0.0012114385677807738,
        -0.11482351992847548,
        0.9933851678416744
      ]
    ],
    "fx": 1159.5880733038064,
    "fy": 1164.6601287484507
  },
  {
    "id": 59,
    "img_name": "/Image Set Camera_00058",
    "width": 1959,
    "height": 1090,
    "position": [
      0.05685924911986415,
      -1.319387467232866,
      -1.6166901513665213
    ],
    "rotation": [
      [
        0.9999998692289723,
        0.00031313961389820965,
        0.00040433355108672686
      ],
      [
        -0.00036135814483116626,
        0.9921107311318329,
        0.12536413599331803
      ],
      [
        -0.00036188717784815263,
        -0.12536426570854306,
        0.9921107145480429
      ]
    ],
    "fx": 1159.5880733038064,
    "fy": 1164.6601287484507
  },
  {
    "id": 60,
    "img_name": "/Image Set Camera_00059",
    "width": 1959,
    "height": 1090,
    "position": [
      0.060581426643589974,
      -1.4050261625884035,
      -1.7995710418605666
    ],
    "rotation": [
      [
        0.9999941687720826,
        -0.002835482418921776,
        0.0019032764601412972
      ],
      [
        0.00255216687296043,
        0.990817206437351,
        0.13518413321072945
      ],
      [
        -0.0022691112983513734,
        -0.13517848744210623,
        0.9908186653806942
      ]
    ],
    "fx": 1159.5880733038064,
    "fy": 1164.6601287484507
  },
  {
    "id": 61,
    "img_name": "/Image Set Camera_00060",
    "width": 1959,
    "height": 1090,
    "position": [
      0.060321538759713404,
      -1.425773862462154,
      -1.8498220894399222
    ],
    "rotation": [
      [
        0.9999901468156327,
        -0.003791324449478039,
        0.002309140655766022
      ],
      [
        0.003437190338782501,
        0.990465053984004,
        0.13772132209298238
      ],
      [
        -0.002809269339935516,
        -0.1377120281434516,
        0.9904683262529866
      ]
    ],
    "fx": 1159.5880733038064,
    "fy": 1164.6601287484507
  },
  {
    "id": 62,
    "img_name": "/Image Set Camera_00061",
    "width": 1959,
    "height": 1090,
    "position": [
      0.06073044255750198,
      -1.4819096177130446,
      -2.000271738455801
    ],
    "rotation": [
      [
        0.9999767963932752,
        -0.005783739578201701,
        0.0035993098690724028
      ],
      [
        0.0052031651866323286,
        0.989497224416879,
        0.1444581944485429
      ],
      [
        -0.004397015701891018,
        -0.14443611469360412,
        0.9895043582648504
      ]
    ],
    "fx": 1159.5880733038064,
    "fy": 1164.6601287484507
  },
  {
    "id": 63,
    "img_name": "/Image Set Camera_00062",
    "width": 1959,
    "height": 1090,
    "position": [
      0.060561316311715,
      -1.5576297746692818,
      -2.207305986124636
    ],
    "rotation": [
      [
        0.9999570269398627,
        -0.007896828894063332,
        0.004856373853901624
      ],
      [
        0.0070599974140337475,
        0.9881771527615175,
        0.15315375018802002
      ],
      [
        -0.006008386647412897,
        -0.15311288271585277,
        0.9881904393568766
      ]
    ],
    "fx": 1159.5880733038064,
    "fy": 1164.6601287484507
  },
  {
    "id": 64,
    "img_name": "/Image Set Camera_00063",
    "width": 1959,
    "height": 1090,
    "position": [
      0.055926691655267875,
      -1.6266678191365047,
      -2.4275762371512317
    ],
    "rotation": [
      [
        0.9999366082361623,
        -0.009149108540864249,
        0.006563026898253444
      ],
      [
        0.007974410075839015,
        0.9869443297561707,
        0.16086422456868796
      ],
      [
        -0.007949106434189352,
        -0.16080169083392873,
        0.9869547243576311
      ]
    ],
    "fx": 1159.5880733038064,
    "fy": 1164.6601287484507
  },
  {
    "id": 65,
    "img_name": "/Image Set Camera_00064",
    "width": 1959,
    "height": 1090,
    "position": [
      0.048409548953834265,
      -1.6814196328721267,
      -2.62060488667834
    ],
    "rotation": [
      [
        0.9999176425134662,
        -0.009216836415458568,
        0.0089307399918941
      ],
      [
        0.007598557075274783,
        0.9859636175948602,
        0.16678730979792875
      ],
      [
        -0.010342636060788918,
        -0.16670571287675517,
        0.9859524507670575
      ]
    ],
    "fx": 1159.5880733038064,
    "fy": 1164.6601287484507
  },
  {
    "id": 66,
    "img_name": "/Image Set Camera_00065",
    "width": 1959,
    "height": 1090,
    "position": [
      0.04795650871031172,
      -1.688665111612832,
      -2.648753855512335
    ],
    "rotation": [
      [
        0.9999153370792045,
        -0.009130413711925862,
        0.009271149833220988
      ],
      [
        0.007447973277717524,
        0.9858297663889348,
        0.16758341026364282
      ],
      [
        -0.010669881341203521,
        -0.16750017088644145,
        0.9858143062388461
      ]
    ],
    "fx": 1159.5880733038064,
    "fy": 1164.6601287484507
  },
  {
    "id": 67,
    "img_name": "/Image Set Camera_00066",
    "width": 1959,
    "height": 1090,
    "position": [
      0.04117846357759149,
