[
  {
    "id": 1,
    "img_name": "/Image Set Camera_00000",
    "width": 1959,
    "height": 1090,
    "position": [
      -1.2585834670797997,
      2.695561537658911,
      15.003860080164573
    ],
    "rotation": [
      [
        0.9966942762976859,
        0.0025231379808387504,
        0.0812043925546
      ],
      [
        0.015384024208589607,
        0.9755733955938721,
        -0.219134391660898
      ],
      [
        -0.07977375128813649,
        0.2196592442492962,
        0.9723096034809317
      ]
    ],
    "fx": 1159.5880733038064,
    "fy": 1164.6601287484507
  },
  {
    "id": 2,
    "img_name": "/Image Set Camera_00001",
    "width": 1959,
    "height": 1090,
    "position": [
      -1.07741861415825,
      2.4084312888388766,
      13.701258520220776
    ],
    "rotation": [
      [
        0.9972506489073647,
        -0.0021352195782908855,
        0.07407147960715087
      ],
      [
        0.017909009556186562,
        0.9768978988028247,
        -0.21295483721048028
      ],
      [
        -0.0719055674517384,
        0.21369589643223902,
        0.9742503031651903
      ]
    ],
    "fx": 1159.5880733038064,
    "fy": 1164.6601287484507
  },
  {
    "id": 3,
    "img_name": "/Image Set Camera_00002",
    "width": 1959,
    "height": 1090,
    "position": [
      -1.0372183276933384,
      2.2770205900768974,
      13.45564174640263
    ],
    "rotation": [
      [
        0.9972862754732355,
        -0.00456544844968634,
        0.07347953070873
      ],
      [
        0.019769752573798708,
        0.9780237248783,
        -0.20755421089042256
      ],
      [
        -0.07091714627572601,
        0.2084436380790464,
        0.975459895694579
      ]
    ],
    "fx": 1159.5880733038064,
    "fy": 1164.6601287484507
  },
  {
    "id": 4,
    "img_name": "/Image Set Camera_00003",
    "width": 1959,
    "height": 1090,
    "position": [
      -0.9047325486396322,
      1.7946464679746974,
      11.248748947766837
    ],
    "rotation": [
      [
        0.9972461307953524,
        -0.006451752905138213,
        0.0738818617669438
      ],
      [
        0.021072880044704707,
        0.9797977858202669,
        -0.19887743116885825
      ],
      [
        -0.07110617652722045,
        0.1998866523461572,
        0.9772355078861626
      ]
    ],
    "fx": 1159.5880733038064,
    "fy": 1164.6601287484507
  },
  {
    "id": 5,
    "img_name": "/Image Set Camera_00004",
    "width": 1959,
    "height": 1090,
    "position": [
      -0.9236897446151687,
      1.932437577379691,
      12.125348558999402
    ],
    "rotation": [
      [
        0.9974046014863969,
        -0.009211109150261179,
        0.0714087977911949
      ],
      [
        0.02301527711711529,
        0.9805359431245216,
        -0.19498605401445346
      ],
      [
        -0.06822285506327169,
        0.1961234807694554,
        0.9782030578248512
      ]
    ],
    "fx": 1159.5880733038064,
    "fy": 1164.6601287484507
  },
  {
    "id": 6,
    "img_name": "/Image Set Camera_00005",
    "width": 1959,
    "height": 1090,
    "position": [
      -0.8656264580458138,
      1.8600329179035713,
      11.734229458574122
    ],
    "rotation": [
      [
        0.9975277489936996,
        -0.011940246288155166,
        0.06925186283516624
      ],
      [
        0.02512808374039494,
        0.9809109290682326,
        -0.19282719891662667
      ],
      [
        -0.06562750486722913,
        0.19409064828856337,
        0.9787859065453625
      ]
    ],
    "fx": 1159.5880733038064,
    "fy": 1164.6601287484507
  },
  {
    "id": 7,
    "img_name": "/Image Set Camera_00006",
    "width": 1959,
    "height": 1090,
    "position": [
      -0.4281824355317463,
      0.611418311816842,
      5.30700350434747
    ],
    "rotation": [
      [
        0.9990046950113423,
        -0.014150353135708126,
        0.04230114480046149
      ],
      [
        0.018373108048128844,
        0.9946998171709416,
        -0.10116670707672139
      ],
      [
        -0.040645396368428226,
        0.10184321885246028,
        0.993969773447776
      ]
    ],
    "fx": 1159.5880733038064,
    "fy": 1164.6601287484507
  },
  {
    "id": 8,
    "img_name": "/Image Set Camera_00007",
    "width": 1959,
    "height": 1090,
    "position": [
      -0.3212689215308914,
      0.4654373759807191,
      4.402224179538174
    ],
    "rotation": [
      [
        0.9993991483051218,
        -0.018360853449238677,
        0.02939764323228618
      ],
      [
        0.020854319997050716,
        0.9959995309385945,
        -0.08689091844123013
      ],
      [
        -0.027684647450488004,
        0.08745177774474043,
        0.9957839860455814
      ]
    ],
    "fx": 1159.5880733038064,
    "fy": 1164.6601287484507
  },
  {
    "id": 9,
    "img_name": "/Image Set Camera_00008",
    "width": 1959,
    "height": 1090,
    "position": [
      -0.30979357291908804,
      0.44865808233948,
      4.302956682255061
    ],
    "rotation": [
      [
        0.9994800725194126,
        -0.018003889353468125,
        0.026747796259466806
      ],
      [
        0.020226605643037493,
        0.9961502300645051,
        -0.08529714864281636
      ],
      [
        -0.02510914297125478,
        0.08579381743798176,
        0.9959964617550945
      ]
    ],
    "fx": 1159.5880733038064,
    "fy": 1164.6601287484507
  },
  {
    "id": 10,
    "img_name": "/Image Set Camera_00009",
    "width": 1959,
    "height": 1090,
    "position": [
      -0.2983659236653869,
      0.4321773999044113,
      4.201193324648205
    ],
    "rotation": [
      [
        0.9995617563110896,
        -0.017175792093611576,
        0.02410990431849799
      ],
      [
        0.019140385536397235,
        0.9963011013009602,
        -0.08377207880918225
      ],
      [
        -0.022581872415904168,
        0.08419683908823891,
        0.9961932299136252
      ]
    ],
    "fx": 1159.5880733038064,
    "fy": 1164.6601287484507
  },
  {
    "id": 11,
    "img_name": "/Image Set Camera_00010",
    "width": 1959,
    "height": 1090,
    "position": [
      -0.2713045386794639,
      0.39173515264892755,
      3.927927565612618
    ],
    "rotation": [
      [
        0.9997322325344995,
        -0.013530672065088909,
        0.018771897747758195
      ],
      [
        0.014987909201217106,
        0.9966986546066507,
        -0.07979445145540068
      ],
      [
        -0.017630252674347528,
        0.08005443659635139,
        0.9966345676183821
      ]
    ],
    "fx": 1159.5880733038064,
    "fy": 1164.6601287484507
  },
  {
    "id": 12,
    "img_name": "/Image Set Camera_00011",
    "width": 1959,
    "height": 1090,
    "position": [
      -0.2606468806306153,
      0.3758454501665735,
      3.8165577603958556
    ],
    "rotation": [
      [
        0.9997817744070309,
        -0.012090179944054324,
        0.017036170709675114
      ],
      [
        0.013385338079745492,
        0.9968569936840646,
        -0.07808307670462107
      ],
      [
        -0.016038587469590988,
        0.07829407188343962,
        0.9968012851215087
      ]
    ],
    "fx": 1159.5880733038064,
    "fy": 1164.6601287484507
  },
  {
    "id": 13,
    "img_name": "/Image Set Camera_00012",
    "width": 1959,
    "height": 1090,
    "position": [
      -0.23912910014154276,
      0.3391760718871666,
      3.588985470744576
    ],
    "rotation": [
      [
        0.9998573844409515,
        -0.009812115932539446,
        0.013745295916268963
      ],
      [
        0.010793804768830701,
        0.9972538514811414,
        -0.07326833889642925
      ],
      [
        -0.012988631856810874,
        0.073406253731927,
        0.9972175376293441
      ]
    ],
    "fx": 1159.5880733038064,
    "fy": 1164.6601287484507
  },
  {
    "id": 14,
    "img_name": "/Image Set Camera_00013",
    "width": 1959,
    "height": 1090,
    "position": [
      -0.23565762437244303,
      0.33042688575101564,
      3.4795465368869922
    ],
    "rotation": [
      [
        0.9998672710786063,
        -0.008503307134727283,
        0.013897265687654495
      ],
      [
        0.009486612494921966,
        0.9973382976547313,
        -0.07229332067718144
      ],
      [
        -0.013245542993473438,
        0.07241556323702175,
        0.9972865895979314
      ]
    ],
    "fx": 1159.5880733038064,
    "fy": 1164.6601287484507
  },
  {
    "id": 15,
    "img_name": "/Image Set Camera_00014",
    "width": 1959,
    "height": 1090,
    "position": [
      -0.21212649114393112,
      0.29376776039349584,
      3.2318315781042752
    ],
    "rotation": [
      [
        0.9999162829329261,
        -0.006818672215414253,
        0.0109969466134662
      ],
      [
        0.007537881670263607,
        0.9977416778477544,
        -0.06674372349122398
      ],
      [
        -0.010517008392399047,
        0.06682102958475421,
        0.9977095481850956
      ]
    ],
    "fx": 1159.5880733038064,
    "fy": 1164.6601287484507
  },
  {
    "id": 16,
    "img_name": "/Image Set Camera_00015",
    "width": 1959,
    "height": 1090,
    "position": [
      -0.19931589909708056,
      0.2775734390269822,
      3.0954086678945405
    ],
    "rotation": [
      [
        0.9999293692973351,
        -0.006243085104580302,
        0.010113372583400181
      ],
      [
        0.006878267653522516,
        0.9979236327677687,
        -0.0640399297131564
      ],
      [
        -0.009692566776670086,
        0.06410496901143056,
        0.9978960903307134
      ]
    ],
    "fx": 1159.5880733038064,
    "fy": 1164.6601287484507
  },
  {
    "id": 17,
    "img_name": "/Image Set Camera_00016",
    "width": 1959,
    "height": 1090,
    "position": [
      -0.18481797348463208,
      0.2565993618579349,
      2.9829042571144875
    ],
    "rotation": [
      [
        0.9999373648907843,
        -0.00633762506409601,
        0.009225009692204217
      ],
      [
        0.006881077556694314,
        0.9981672483566272,
        -0.06012316591645729
      ],
      [
        -0.008827064457285757,
        0.06018287810254705,
        0.9981483377316023
      ]
    ],
    "fx": 1159.5880733038064,
    "fy": 1164.6601287484507
  },
  {
    "id": 18,
    "img_name": "/Image Set Camera_00017",
    "width": 1959,
    "height": 1090,
    "position": [
      -0.18239466109719304,
      0.25006225593852277,
      2.882149919450453
    ],
    "rotation": [
      [
        0.9999217181386711,
        -0.006478525785402093,
        0.010704498972661713
      ],
      [
        0.0070985092292794524,
        0.99823668402805,
        -0.058933299817717506
      ],
      [
        -0.010303822656163582,
        0.05900467239406578,
        0.9982045280774573
      ]
    ],
    "fx": 1159.5880733038064,
    "fy": 1164.6601287484507
  },
  {
    "id": 19,
    "img_name": "/Image Set Camera_00018",
    "width": 1959,
    "height": 1090,
    "position": [
      -0.15853115858251451,
      0.21142285412922945,
      2.6743251264210253
    ],
    "rotation": [
      [
        0.9999304415577458,
        -0.005555615708119955,
        0.010404190513206348
      ],
      [
        0.00608212906907979,
        0.9986659177030233,
        -0.05127760256062396
      ],
      [
        -0.010105431812567772,
        0.051337315400027936,
        0.9986302420292505
      ]
    ],
    "fx": 1159.5880733038064,
    "fy": 1164.6601287484507
  },
  {
    "id": 20,
    "img_name": "/Image Set Camera_00019",
    "width": 1959,
    "height": 1090,
    "position": [
      -0.14837579662653688,
      0.19490218699246561,
      2.573118633369642
    ],
    "rotation": [
      [
        0.9999285625746807,
        -0.005332790130204199,
        0.010697247158042017
      ],
      [
        0.005837655461955957,
        0.9988430433541173,
        -0.04773359950592666
      ],
      [
        -0.010430317638525546,
        0.04779263638377677,
        0.9988028195702331
      ]
    ],
    "fx": 1159.5880733038064,
    "fy": 1164.6601287484507
  },
  {
    "id": 21,
    "img_name": "/Image Set Camera_00020",
    "width": 1959,
    "height": 1090,
    "position": [
      -0.1306097101932308,
      0.1702115811666986,
      2.419980008394713
    ],
    "rotation": [
      [
        0.9999418154947163,
        -0.003982721700227216,
        0.010025146033320099
      ],
      [
        0.004407401232264802,
        0.9990781284114126,
        -0.042702085948189736
      ],
      [
        -0.00984583361166972,
        0.04274378618942515,
        0.9990375509973006
      ]
    ],
    "fx": 1159.5880733038064,
    "fy": 1164.6601287484507
  },
  {
    "id": 22,
    "img_name": "/Image Set Camera_00021",
    "width": 1959,
    "height": 1090,
    "position": [
      -0.11088395223877436,
      0.14867023118215905,
      2.270842918510158
    ],
    "rotation": [
      [
        0.9999524333483979,
        -0.0024069296283628482,
        0.009451863857566334
      ],
      [
        0.00276527249913506,
        0.999270707481803,
        -0.03808420193233049
      ],
      [
        -0.009353304689968513,
        0.03810852737355653,
        0.9992298313365127
      ]
    ],
    "fx": 1159.5880733038064,
    "fy": 1164.6601287484507
  },
  {
    "id": 23,
    "img_name": "/Image Set Camera_00022",
    "width": 1959,
    "height": 1090,
    "position": [
      -0.08242013632964401,
      0.10662118886309696,
      2.00952449396754
    ],
    "rotation": [
      [
        0.999958189318307,
        0.00018534146011165114,
        0.00914249767821332
      ],
      [
        8.722899170032794e-05,
        0.9995557535289897,
        -0.029804160417576036
      ],
      [
        -0.009143960102492748,
        0.02980371177616578,
        0.9995139452543957
      ]
    ],
    "fx": 1159.5880733038064,
    "fy": 1164.6601287484507
  },
  {
    "id": 24,
    "img_name": "/Image Set Camera_00023",
    "width": 1959,
    "height": 1090,
    "position": [
      -0.07802120263528708,
      0.09803997880759732,
      1.9576917538168177
    ],
    "rotation": [
      [
        0.9999605172846147,
        0.0007009107565021692,
        0.008858475941006142
      ],
      [
        -0.000449633895271949,
        0.9995983559728999,
        -0.028335923588899605
      ],
      [
        -0.00887477894069411,
        0.028330821738649835,
        0.999559204268745
      ]
    ],
    "fx": 1159.5880733038064,
    "fy": 1164.6601287484507
  },
  {
    "id": 25,
    "img_name": "/Image Set Camera_00024",
    "width": 1959,
    "height": 1090,
    "position": [
      -0.05902651112369821,
      0.05931164252052494,
      1.6556990537008052
    ],
    "rotation": [
      [
        0.9999848445967872,
        0.0030454057042193284,
        0.0045865107473994126
      ],
      [
        -0.0029469672256284577,
        0.9997683904105836,
        -0.021318558112637158
      ],
      [
        -0.0046503721260103105,
        0.021304718724440466,
        0.9997622132283066
      ]
    ],
    "fx": 1159.5880733038064,
    "fy": 1164.6601287484507
  },
  {
    "id": 26,
    "img_name": "/Image Set Camera_00025",
    "width": 1959,
    "height": 1090,
    "position": [
      -0.047546396977056704,
      0.043795706044667565,
      1.5099298792183178
    ],
    "rotation": [
      [
        0.9999893339086909,
        0.004035536828548407,
        0.0022464441586643015
      ],
      [
        -0.003993737873035314,
        0.9998243780391161,
        -0.018310192147985016
      ],
      [
        -0.0023199410884871324,
        0.018301025140687564,
        0.9998298306972772
      ]
    ],
    "fx": 1159.5880733038064,
    "fy": 1164.6601287484507
  },
  {
    "id": 27,
    "img_name": "/Image Set Camera_00026",
    "width": 1959,
    "height": 1090,
    "position": [
      -0.04114249972244324,
      0.0322336404904168,
      1.3939869888956296
    ],
    "rotation": [
      [
        0.9999906976163162,
        0.00427979689680451,
        0.0005366743475949561
      ],
      [
        -0.004271061204206066,
        0.9998732076452655,
        -0.015340360796198604
      ],
      [
        -0.0006022599299221313,
        0.015337925925291325,
        0.9998821857155407
      ]
    ],
    "fx": 1159.5880733038064,
    "fy": 1164.6601287484507
  },
  {
    "id": 28,
    "img_name": "/Image Set Camera_00027",
    "width": 1959,
    "height": 1090,
    "position": [
      -0.027536825024468387,
      0.013283839520589764,
      1.1615989038381578
    ],
    "rotation": [
      [
        0.9999847615810286,
        0.005336728268051002,
        -0.0014127763894017777
      ],
      [
        -0.005350330049032382,
        0.9999376095082004,
        -0.009805664658344232
      ],
      [
        0.0013603580778188257,
        0.009813074055486655,
        0.9999509252975776
      ]
    ],
    "fx": 1159.5880733038064,
    "fy": 1164.6601287484507
  },
  {
    "id": 29,
    "img_name": "/Image Set Camera_00028",
    "width": 1959,
    "height": 1090,
    "position": [
      -0.0224177700186414,
      0.004652569569003673,
      1.0467894060152987
    ],
    "rotation": [
      [
        0.9999820570084917,
        0.005814928210598254,
        -0.0014395384576496749
      ],
      [
        -0.0058251949406913466,
        0.999956870342689,
        -0.007233571618330052
      ],
      [
        0.0013974136711825001,
        0.0072418274185563625,
        0.9999728012154487
      ]
    ],
    "fx": 1159.5880733038064,
    "fy": 1164.6601287484507
  },
  {
    "id": 30,
    "img_name": "/Image Set Camera_00029",
    "width": 1959,
    "height": 1090,
    "position": [
      -0.012842824579371468,
      -0.003390783402259692,
      0.9297962860904538
    ],
    "rotation": [
      [
        0.9999788864747003,
        0.006250145723854597,
        -0.001778280981388011
      ],
      [
        -0.006259428755423486,
        0.9999665572579218,
        -0.005263451091732834
      ],
      [
        0.001745324174462096,
        0.005274470984835168,
        0.9999845667805859
      ]
    ],
    "fx": 1159.5880733038064,
    "fy": 1164.6601287484507
  },
  {
    "id": 31,
    "img_name": "/Image Set Camera_00030",
    "width": 1959,
    "height": 1090,
    "position": [
      0.0005762021746514416,
      -0.01606519142538511,
      0.7543672387003575
    ],
    "rotation": [
      [
        0.9999771612434676,
        0.0063711644194417725,
        -0.0022550510851381362
      ],
      [
        -0.0063763285716944285,
        0.9999770482053698,
        -0.002290304875213104
      ],
      [
        0.0022404074187381178,
        0.002304631514162471,
        0.9999948346107503
      ]
    ],
    "fx": 1159.5880733038064,
    "fy": 1164.6601287484507
  },
  {
    "id": 32,
    "img_name": "/Image Set Camera_00031",
    "width": 1959,
    "height": 1090,
    "position": [
      0.01123698041861572,
      -0.03528720677903359,
      0.4579199553781383
    ],
    "rotation": [
      [
        0.999971459150493,
        0.006989189728471906,
        -0.002869165623191275
      ],
      [
        -0.006981358459126509,
        0.9999719022158752,
        0.0027304601864080076
      ],
      [
        0.00288816871028382,
        -0.002710351583060641,
        0.9999921562071361
      ]
    ],
    "fx": 1159.5880733038064,
    "fy": 1164.6601287484507
  },
  {
    "id": 33,
    "img_name": "/Image Set Camera_00032",
    "width": 1959,
    "height": 1090,
    "position": [
      0.01618798052303624,
      -0.04557185808826639,
      0.2839098088749942
    ],
    "rotation": [
      [
        0.999972712590033,
        0.00665659237662566,
        -0.0032037249043295516
      ],
      [
        -0.006638366706453545,
        0.9999619118226553,
        0.0056663031555736635
      ],
      [
        0.0032413211506762737,
        -0.005644881036094923,
        0.9999788143532274
      ]
    ],
    "fx": 1159.5880733038064,
    "fy": 1164.6601287484507
  },
  {
    "id": 34,
    "img_name": "/Image Set Camera_00033",
    "width": 1959,
    "height": 1090,
    "position": [
      0.020777508437836687,
      -0.053490951719519966,
      0.11167982509505811
    ],
    "rotation": [
      [
        0.9999755090651303,
        0.0060441059375423425,
        -0.003528463312693626
      ],
      [
        -0.006013763601032932,
        0.9999453859877295,
        0.008547496077895273
      ],
      [
        0.0035799325809504974,
        -0.008526067397488075,
        0.9999572442146961
      ]
    ],
    "fx": 1159.5880733038064,
    "fy": 1164.6601287484507
  },
  {
    "id": 35,
    "img_name": "/Image Set Camera_00034",
    "width": 1959,
    "height": 1090,
    "position": [
      0.027130193869869874,
      -0.06579651523507386,
      -0.09850531710255712
    ],
    "rotation": [
      [
        0.9999738982078513,
        0.006068610210515281,
        -0.003921080604424452
      ],
      [
        -0.00602075571944748,
        0.9999086288178509,
        0.012103078788964532
      ],
      [
        0.003994171198171706,
        -0.012079155008442123,
        0.9999190670302881
      ]
    ],
    "fx": 1159.5880733038064,
    "fy": 1164.6601287484507
  },
  {
    "id": 36,
    "img_name": "/Image Set Camera_00035",
    "width": 1959,
    "height": 1090,
    "position": [
      0.0281173608663629,
      -0.06761101133135977,
      -0.12743108238340567
    ],
    "rotation": [
      [
        0.9999734679531818,
        0.006104663178323777,
        -0.003974478225653308
      ],
      [
        -0.006054183247064131,
        0.9999023954926621,
        0.012591519100043289
      ],
      [
        0.0040509572816733634,
        -0.012567122801779441,
        0.9999128247850344
      ]
    ],
    "fx": 1159.5880733038064,
    "fy": 1164.6601287484507
  },
  {
    "id": 37,
    "img_name": "/Image Set Camera_00036",
    "width": 1959,
    "height": 1090,
    "position": [
      0.03751942596643473,
      -0.08377994585764742,
      -0.357517100508126
    ],
    "rotation": [
      [
        0.9999763624347482,
        0.005645000553091616,
        -0.003925371386875085
      ],
      [
        -0.005580611080454833,
        0.9998527872086204,
        0.016225310201103182
      ],
      [
        0.004016385407055331,
        -0.016203020703218076,
        0.9998606556757562
      ]
    ],
    "fx": 1159.5880733038064,
    "fy": 1164.6601287484507
  },
  {
    "id": 38,
    "img_name": "/Image Set Camera_00037",
    "width": 1959,
    "height": 1090,
    "position": [
      0.038288589040462374,
      -0.0915234300823021,
      -0.46858806300953426
    ],
    "rotation": [
      [
        0.9999820554787113,
        0.00536748840264589,
        -0.002660599334505124
      ],
      [
        -0.005318928343939988,
        0.9998250175994415,
        0.01793441338735493
      ],
      [
        0.0027563965323115325,
        -0.017919940025679933,
        0.9998356255043289
      ]
    ],
    "fx": 1159.5880733038064,
    "fy": 1164.6601287484507
  },
  {
    "id": 39,
    "img_name": "/Image Set Camera_00038",
    "width": 1959,
    "height": 1090,
    "position": [
      0.0557115891333997,
      -0.10743423518519352,
      -0.6961103967836589
    ],
    "rotation": [
      [
        0.9999797395139395,
        0.005476545627602654,
        -0.003244689449304206
      ],
      [
        -0.005403595143238647,
        0.9997415901933877,
        0.022080624926035713
      ],
      [
        0.00336477653962451,
        -0.022062644573692614,
        0.9997509279781905
      ]
    ],
    "fx": 1159.5880733038064,
    "fy": 1164.6601287484507
  },
  {
    "id": 40,
    "img_name": "/Image Set Camera_00039",
    "width": 1959,
    "height": 1090,
    "position": [
      0.05993648951283895,
      -0.11290900920915972,
      -0.8080401813785008
    ],
    "rotation": [
      [
        0.9999859176593641,
        0.004763593078274273,
        -0.002339372553550926
      ],
      [
        -0.0047064368873254905,
        0.9997042689628082,
        0.023858417159633105
      ],
      [
        0.0024523325193194947,
        -0.023847071067996398,
        0.9997126103369371
      ]
    ],
    "fx": 1159.5880733038064,
    "fy": 1164.6601287484507
  },
  {
    "id": 41,
    "img_name": "/Image Set Camera_00040",
    "width": 1959,
    "height": 1090,
    "position": [
      0.06982744906433183,
      -0.12231232725633079,
      -0.9776916749128077
    ],
    "rotation": [
      [
        0.999990388458413,
        0.0038731399014705153,
        -0.002054696594593844
      ],
      [
        -0.003814623481061139,
        0.9996074171054452,
        0.02775716692095979
      ],
      [
        0.0021613973466106536,
        -0.0277490622379194,
        0.9996125839075988
      ]
    ],
    "fx": 1159.5880733038064,
    "fy": 1164.6601287484507
  },
  {
    "id": 42,
    "img_name": "/Image Set Camera_00041",
    "width": 1959,
    "height": 1090,
    "position": [
      0.08688461705387071,
      -0.13340833110021452,
      -1.2568554970268175
    ],
    "rotation": [
      [
        0.9999954033522299,
        0.001997045599484347,
        -0.0022814651618203903
      ],
      [
        -0.0019151237773474962,
        0.999372722234969,
        0.03536232958368239
      ],
      [
        0.0023506542341352956,
        -0.035357797747330375,
        0.9993719530600859
      ]
    ],
    "fx": 1159.5880733038064,
    "fy": 1164.6601287484507
  },
  {
    "id": 43,
    "img_name": "/Image Set Camera_00042",
    "width": 1959,
    "height": 1090,
    "position": [
      0.09809565738428519,
      -0.14261345531953842,
      -1.4221891944284153
    ],
    "rotation": [
      [
        0.9999964872822497,
        0.0014290611634335884,
        -0.0022323098692732884
      ],
      [
        -0.001337224139753948,
        0.9991740463438481,
        0.04061326069723631
      ],
      [
        0.0022885049183579225,
        -0.040610132935669965,
        0.9991724475025249
      ]
    ],
    "fx": 1159.5880733038064,
    "fy": 1164.6601287484507
  },
  {
    "id": 44,
    "img_name": "/Image Set Camera_00043",
    "width": 1959,
    "height": 1090,
    "position": [
      0.10117076632591693,
      -0.1440777279989586,
      -1.474781403961427
    ],
    "rotation": [
      [
        0.9999972313201193,
        0.001109786626870261,
        -0.0020750242742389327
      ],
      [
        -0.0010220760792621943,
        0.9991253406468635,
        0.04180321803135578
      ],
      [
        0.0021196019871808254,
        -0.04180098145895249,
        0.999123708674999
      ]
    ],
    "fx": 1159.5880733038064,
    "fy": 1164.6601287484507
  },
  {
    "id": 45,
    "img_name": "/Image Set Camera_00044",
    "width": 1959,
    "height": 1090,
    "position": [
      0.1197749700935463,
      -0.15898640522367147,
      -1.773097194305622
    ],
    "rotation": [
      [
        0.9999938711375513,
        0.0004460918991114256,
        -0.003472562361109398
      ],
      [
        -0.0002764300378687213,
        0.9988131275510334,
        0.048705849937734844
      ],
      [
        0.003490168157612239,
        -0.048704591505735154,
        0.9988071292759634
      ]
    ],
    "fx": 1159.5880733038064,
    "fy": 1164.6601287484507
  },
  {
    "id": 46,
    "img_name": "/Image Set Camera_00045",
    "width": 1959,
    "height": 1090,
    "position": [
      0.12140531365809418,
      -0.15985217762107395,
      -1.8020274071536635
    ],
    "rotation": [
      [
        0.9999924341524359,
        0.0003926515820723919,
        -0.0038700726894275008
      ],
      [
        -0.0002016811091834325,
        0.9987878002237575,
        0.049222854944809505
      ],
      [
        0.0038847088200475335,
        -0.049221702011639695,
        0.9987803227379185
      ]
    ],
    "fx": 1159.5880733038064,
    "fy": 1164.6601287484507
  },
  {
    "id": 47,
    "img_name": "/Image Set Camera_00046",
    "width": 1959,
    "height": 1090,
    "position": [
      0.130129438046776,
      -0.1695283475123042,
      -2.025046081426572
    ],
    "rotation": [
      [
        0.9999788654202177,
        0.00016441190129483488,
        -0.0064993600931709805
      ],
      [
        0.00018471430732633205,
        0.998558175599779,
        0.05367993874312481
      ],
      [
        0.006498814777992971,
        -0.053680004764974414,
        0.9985370411231191
      ]
    ],
    "fx": 1159.5880733038064,
    "fy": 1164.6601287484507
  },
  {
    "id": 48,
    "img_name": "/Image Set Camera_00047",
    "width": 1959,
    "height": 1090,
    "position": [
      0.1354332738457903,
      -0.18033297482008476,
      -2.2465454043808952
    ],
    "rotation": [
      [
        0.9999679889930443,
        0.001529030739202528,
        -0.007853856008701447
      ],
      [
        -0.0010775105961515672,
        0.9983635304199762,
        0.05717604479392143
      ],
      [
        0.007928427342293246,
        -0.057165751918083804,
        0.998333219344883
      ]
    ],
    "fx": 1159.5880733038064,
    "fy": 1164.6601287484507
  },
  {
    "id": 49,
    "img_name": "/Image Set Camera_00048",
    "width": 1959,
    "height": 1090,
    "position": [
      0.14047659224650672,
      -0.18754937263051527,
      -2.356740348099402
    ],
    "rotation": [
      [
        0.9999635932009233,
        0.0022696842824081243,
        -0.008225618879857819
      ],
      [
        -0.001781505568476248,
        0.998263634962022,
        0.05887734156974593
      ],
      [
        0.008344969179569929,
        -0.0588605440483626,
        0.998231334833626
      ]
    ],
    "fx": 1159.5880733038064,
    "fy": 1164.6601287484507
  },
  {
    "id": 50,
    "img_name": "/Image Set Camera_00049",
    "width": 1959,
    "height": 1090,
    "position": [
      0.15162762808329866,
      -0.2017603193234817,
      -2.5877139517394063
    ],
    "rotation": [
      [
        0.9999643010616646,
        0.002853761050569067,
        -0.007953153470342277
      ],
      [
        -0.002345653096888654,
        0.9979993744449408,
        0.0631802700141092
      ],
      [
        0.008117543581996903,
        -0.06315935920647821,
        0.9979704408602598
      ]
    ],
    "fx": 1159.5880733038064,
    "fy": 1164.6601287484507
  },
  {
    "id": 51,
    "img_name": "/Image Set Camera_00050",
    "width": 1959,
    "height": 1090,
    "position": [
      0.15457073282830708,
      -0.20504275398663896,
      -2.6453694730366677
    ],
    "rotation": [
      [
        0.999965947502191,
        0.00299323577904806,
        -0.007690538057668914
      ],
      [
        -0.0024927947779036265,
        0.9979289646837685,
        0.06427726985005848
      ],
      [
        0.007867007705645381,
        -0.06425591011535833,
        0.9979024442324042
      ]
    ],
    "fx": 1159.5880733038064,
    "fy": 1164.6601287484507
  },
  {
    "id": 52,
    "img_name": "/Image Set Camera_00051",
    "width": 1959,
    "height": 1090,
    "position": [
      0.16953231597661053,
      -0.22552427408413464,
      -2.9293523441797995
    ],
    "rotation": [
      [
        0.9999847888270401,
        0.003560313322948833,
        -0.004212633805875781
      ],
      [
        -0.0032625596891394802,
        0.9976325760177589,
        0.06869205902027735
      ],
      [
        0.004447225968486033,
        -0.06867727016424646,
        0.9976290165908229
      ]
    ],
    "fx": 1159.5880733038064,
    "fy": 1164.6601287484507
  },
  {
    "id": 53,
    "img_name": "/Image Set Camera_00052",
    "width": 1959,
    "height": 1090,
    "position": [
      0.1762118725622589,
      -0.23527350955199777,
      -3.038582253064204
    ],
    "rotation": [
      [
        0.999987126550277,
        0.004287460208946265,
        -0.0027137462440088482
      ],
      [
        -0.0040834338286157325,
        0.9974550467532467,
        0.07118114409480808
      ],
      [
        0.0030120262096280537,
        -0.07116914634471327,
        0.9974597136259075
      ]
    ],
    "fx": 1159.5880733038064,
    "fy": 1164.6601287484507
  },
  {
    "id": 54,
    "img_name": "/Image Set Camera_00053",
    "width": 1959,
    "height": 1090,
    "position": [
      0.18289403628822698,
      -0.24331830656418957,
      -3.14832749974524
    ],
    "rotation": [
      [
        0.9999880214398688,
        0.004662311713781252,
        -0.0014899081381877799
      ],
      [
        -0.004539447650753371,
        0.9972546105150086,
        0.073909642277477
      ],
      [
        0.001830407551003259,
        -0.07390199358638495,
        0.9972638291606466
      ]
    ],
    "fx": 1159.5880733038064,
    "fy": 1164.6601287484507
  },
  {
    "id": 55,
    "img_name": "/Image Set Camera_00054",
    "width": 1959,
    "height": 1090,
    "position": [
      0.19612858844860515,
      -0.24842243076688048,
      -3.440583751403063
    ],
    "rotation": [
      [
        0.999982505430485,
        0.005911214367881167,
        0.00021535474712230512
      ],
      [
        -0.005909926074366459,
        0.9969116776747327,
        0.07830823513236325
      ],
      [
        0.00024820710238892743,
        -0.07830813789413538,
        0.9969291719740111
      ]
    ],
    "fx": 1159.5880733038064,
    "fy": 1164.6601287484507
  },
  {
    "id": 56,
    "img_name": "/Image Set Camera_00055",
    "width": 1959,
    "height": 1090,
    "position": [
      0.20080099083457353,
      -0.2534457241474768,
      -3.572404660591236
    ],
    "rotation": [
      [
        0.9999791613602825,
        0.006445101336581201,
        0.00037082873048545253
      ],
      [
        -0.006453962133382924,
        0.9966941633128406,
        0.0809882163706391
      ],
      [
        0.00015237443031417274,
        -0.08098892200096132,
        0.996714990002235
      ]
    ],
    "fx": 1159.5880733038064,
    "fy": 1164.6601287484507
  },
  {
    "id": 57,
    "img_name": "/Image Set Camera_00056",
    "width": 1959,
    "height": 1090,
    "position": [
      0.20565640451323552,
      -0.2585568934767707,
      -3.6762629840842873
    ],
    "rotation": [
      [
        0.999978534840712,
        0.006550334380924434,
        -0.00015158272031843634
      ],
      [
        -0.0065148349015801375,
        0.9964903758466324,
        0.08345350664437468
      ],
      [
        0.0006976990957233267,
        -0.0834507277651646,
        0.9965116603690277
      ]
    ],
    "fx": 1159.5880733038064,
    "fy": 1164.6601287484507
  },
  {
    "id": 58,
    "img_name": "/Image Set Camera_00057",
    "width": 1959,
    "height": 1090,
    "position": [
      0.2106631080479284,
      -0.26211433571573284,
      -3.888966901454707
    ],
    "rotation": [
      [
        0.9999773551641989,
        0.006719861775581748,
        -0.0003641655262691173
      ],
      [
        -0.006662436954137374,
        0.9961617786865563,
        0.08727727434944711
      ],
      [
        0.0009492589981623809,
        -0.08727287174004067,
        0.9961839914220669
      ]
    ],
    "fx": 1159.5880733038064,
    "fy": 1164.6601287484507
  },
  {
    "id": 59,
    "img_name": "/Image Set Camera_00058",
    "width": 1959,
    "height": 1090,
    "position": [
      0.21498736625347367,
      -0.2619660353139842,
      -3.993096764174742
    ],
    "rotation": [
      [
        0.9999752870669901,
        0.0069197570634699935,
        -0.0012418604887743617
      ],
      [
        -0.006782721810934971,
        0.9960537285525387,
        0.08849273711113921
      ],
      [
        0.0018493080128763797,
        -0.08848212700183175,
        0.9960760479306313
      ]
    ],
    "fx": 1159.5880733038064,
    "fy": 1164.6601287484507
  },
  {
    "id": 60,
    "img_name": "/Image Set Camera_00059",
    "width": 1959,
    "height": 1090,
    "position": [
      0.21951425765970775,
      -0.2624502599027259,
      -4.204361554789351
    ],
    "rotation": [
      [
        0.9999650740580177,
        0.00791008487537769,
        -0.0026983738450200236
      ],
      [
        -0.007630495097228077,
        0.9957881308759551,
        0.09136615320315868
      ],
      [
        0.0034097226741107997,
        -0.09134237222579786,
        0.9958137099013296
      ]
    ],
    "fx": 1159.5880733038064,
    "fy": 1164.6601287484507
  },
  {
    "id": 61,
    "img_name": "/Image Set Camera_00060",
    "width": 1959,
    "height": 1090,
    "position": [
      0.22077970213657389,
      -0.2633699617018217,
      -4.257670993813823
    ],
    "rotation": [
      [
        0.9999601109827911,
        0.008372571922087495,
        -0.0031107045333485265
      ],
      [
        -0.008048844502184353,
        0.995676805379965,
        0.09253602179976825
      ],
      [
        0.0038720208501478513,
        -0.09250729305172106,
        0.9957044783402247
      ]
    ],
    "fx": 1159.5880733038064,
    "fy": 1164.6601287484507
  },
  {
    "id": 62,
    "img_name": "/Image Set Camera_00061",
    "width": 1959,
    "height": 1090,
    "position": [
      0.22758337324431296,
      -0.2725903237131446,
      -4.52264771684725
    ],
    "rotation": [
      [
        0.9999275051429952,
        0.01102247275037208,
        -0.004846602209027329
      ],
      [
        -0.010497078702274993,
        0.9951721478285386,
        0.09758179914846633
      ],
      [
        0.005898796252074519,
        -0.09752384980506403,
        0.9952157067299409
      ]
    ],
    "fx": 1159.5880733038064,
    "fy": 1164.6601287484507
  },
  {
    "id": 63,
    "img_name": "/Image Set Camera_00062",
    "width": 1959,
    "height": 1090,
    "position": [
      0.23194579805249216,
      -0.2791323257614733,
      -4.631364067646222
    ],
    "rotation": [
      [
        0.9999024175732135,
        0.012634368775575368,
        -0.0059605416604094335
      ],
      [
        -0.011981712823717084,
        0.9950049116911666,
        0.09910431003878532
      ],
      [
        0.007182888628726179,
        -0.09902322170125792,
        0.9950591980755973
      ]
    ],
    "fx": 1159.5880733038064,
    "fy": 1164.6601287484507
  },
  {
    "id": 64,
    "img_name": "/Image Set Camera_00063",
    "width": 1959,
    "height": 1090,
    "position": [
      0.23852607695749645,
      -0.2880968980905156,
      -4.739856450738654
    ],
    "rotation": [
      [
        0.9998778460673698,
        0.01397867623274794,
        -0.006992106582218225
      ],
      [
        -0.01320306856062346,
        0.994819171013834,
        0.10079928553284392
      ],
      [
        0.008364922250718644,
        -0.10069465524112158,
        0.9948822113605265
      ]
    ],
    "fx": 1159.5880733038064,
    "fy": 1164.6601287484507
  },
  {
    "id": 65,
    "img_name": "/Image Set Camera_00064",
    "width": 1959,
    "height": 1090,
    "position": [
      0.26067317687794006,
      -0.32021164616443143,
      -5.050358019037196
    ],
    "rotation": [
      [
        0.9998434578444872,
        0.015745897701549105,
        -0.008070099822882378
      ],
      [
        -0.014799360558219461,
        0.9942233781079001,
        0.10630547187602063
      ],
      [
        0.00969735699284881,
        -0.10616939827129071,
        0.994300769454628
      ]
    ],
    "fx": 1159.5880733038064,
    "fy": 1164.6601287484507
  },
  {
    "id": 66,
    "img_name": "/Image Set Camera_00065",
    "width": 1959,
    "height": 1090,
    "position": [
      0.2625579041858511,
      -0.3230061905494762,
      -5.077532220556101
    ],
    "rotation": [
      [
        0.9998407166234771,
        0.015860225647993713,
        -0.008185024388882325
      ],
      [
        -0.014895876499581373,
        0.9941680752065831,
        0.10680801048304775
      ],
      [
        0.009831289089488493,
        -0.10666907463005545,
        0.9942459727212409
      ]
    ],
    "fx": 1159.5880733038064,
    "fy": 1164.6601287484507
  },
  {
    "id": 67,
