[
  {
    "id": 1,
    "img_name": "/Image Set Camera_00000",
    "width": 1959,
    "height": 1090,
    "position": [
      -0.1540199424307842,
      0.6878143577978337,
      1.8901611855711726
    ],
    "rotation": [
      [
        0.9940281608997238,
        0.018790011846981633,
        0.1074939570073743
      ],
      [
        -0.02647840700332217,
        0.9971567561491682,
        0.07054996547578768
      ],
      [
        -0.1058626907880173,
        -0.07297492117747512,
        0.9916994260249736
      ]
    ],
    "fx": 1159.5880733038064,
    "fy": 1164.6601287484507
  },
  {
    "id": 2,
    "img_name": "/Image Set Camera_00001",
    "width": 1959,
    "height": 1090,
    "position": [
      -0.15371813711675686,
      0.6827528300565859,
      1.8796627770084946
    ],
    "rotation": [
      [
        0.993952737869393,
        0.018602986782521418,
        0.10822145704391087
      ],
      [
        -0.026169215828278164,
        0.997278917035453,
        0.06891976334497145
      ],
      [
        -0.10664486403418923,
        -0.07133505813667784,
        0.9917349355829742
      ]
    ],
    "fx": 1159.5880733038064,
    "fy": 1164.6601287484507
  },
  {
    "id": 3,
    "img_name": "/Image Set Camera_00002",
    "width": 1959,
    "height": 1090,
    "position": [
      -0.15247641697656644,
      0.6744384532516369,
      1.8637266542102449
    ],
    "rotation": [
      [
        0.9938597994054972,
        0.018708173172224184,
        0.10905367202539877
      ],
      [
        -0.02608760314026288,
        0.9974360621117426,
        0.06663886974893878
      ],
      [
        -0.10752737366857482,
        -0.06907464263807633,
        0.9917996560073817
      ]
    ],
    "fx": 1159.5880733038064,
    "fy": 1164.6601287484507
  },
  {
    "id": 4,
    "img_name": "/Image Set Camera_00003",
    "width": 1959,
    "height": 1090,
    "position": [
      -0.15154011790036603,
      0.6708968565250647,
      1.855682585936493
    ],
    "rotation": [
      [
        0.9938556536093575,
        0.018426645900069108,
        0.10913935362457647
      ],
      [
        -0.025641476930261066,
        0.997550779772892,
        0.06507654289627035
      ],
      [
        -0.10767290489975542,
        -0.06747518429295835,
        0.9918939686554604
      ]
    ],
    "fx": 1159.5880733038064,
    "fy": 1164.6601287484507
  },
  {
    "id": 5,
    "img_name": "/Image Set Camera_00004",
    "width": 1959,
    "height": 1090,
    "position": [
      -0.15002018964967995,
      0.6595512333371328,
      1.833651650112799
    ],
    "rotation": [
      [
        0.9938290554850886,
        0.017789273562690867,
        0.10948675819352971
      ],
      [
        -0.024694268323733455,
        0.9977682669664271,
        0.06203771874245722
      ],
      [
        -0.10813880702861556,
        -0.06435858280699258,
        0.9920503874468793
      ]
    ],
    "fx": 1159.5880733038064,
    "fy": 1164.6601287484507
  },
  {
    "id": 6,
    "img_name": "/Image Set Camera_00005",
    "width": 1959,
    "height": 1090,
    "position": [
      -0.14932002748228893,
      0.6552429672405781,
      1.8231539325256634
    ],
    "rotation": [
      [
        0.9938034467719327,
        0.017512715882675802,
        0.10976344549365773
      ],
      [
        -0.02425996932737019,
        0.9978769751286369,
        0.06044002313332464
      ],
      [
        -0.1084719460158319,
        -0.06272836113381597,
        0.9921184352873421
      ]
    ],
    "fx": 1159.5880733038064,
    "fy": 1164.6601287484507
  },
  {
    "id": 7,
    "img_name": "/Image Set Camera_00006",
    "width": 1959,
    "height": 1090,
    "position": [
      -0.14784056067722434,
      0.6490228542077306,
      1.8088052435821085
    ],
    "rotation": [
      [
        0.9937801046235749,
        0.016610400110762234,
        0.11011447798775972
      ],
      [
        -0.02314740256828233,
        0.998027467444905,
        0.05835556511465555
      ],
      [
        -0.10892796430989751,
        -0.060541463755589164,
        0.9922043286327833
      ]
    ],
    "fx": 1159.5880733038064,
    "fy": 1164.6601287484507
  },
  {
    "id": 8,
    "img_name": "/Image Set Camera_00007",
    "width": 1959,
    "height": 1090,
    "position": [
      -0.14686200487865694,
      0.6450190621386466,
      1.7984270320815425
    ],
    "rotation": [
      [
        0.9937819923719956,
        0.016048936297836023,
        0.110180684699519
      ],
      [
        -0.022393825392146467,
        0.9981461867901438,
        0.056592458690195184
      ],
      [
        -0.10906818152629519,
        -0.0587079333651202,
        0.9922991032640027
      ]
    ],
    "fx": 1159.5880733038064,
    "fy": 1164.6601287484507
  },
  {
    "id": 9,
    "img_name": "/Image Set Camera_00008",
    "width": 1959,
    "height": 1090,
    "position": [
      -0.14538299496147666,
      0.6414921224830544,
      1.7898646945989558
    ],
    "rotation": [
      [
        0.9938173288474752,
        0.015779794873546093,
        0.10990047750677952
      ],
      [
        -0.021961871294122755,
        0.998229871770705,
        0.05527023895282415
      ],
      [
        -0.10883378653584432,
        -0.057342141383023904,
        0.9924046985629803
      ]
    ],
    "fx": 1159.5880733038064,
    "fy": 1164.6601287484507
  },
  {
    "id": 10,
    "img_name": "/Image Set Camera_00009",
    "width": 1959,
    "height": 1090,
    "position": [
      -0.1444582194365203,
      0.6382034343290214,
      1.7818190756119123
    ],
    "rotation": [
      [
        0.993850958012623,
        0.015531671314767815,
        0.1096313843913399
      ],
      [
        -0.021529835196923353,
        0.9983227167580375,
        0.053742156648618304
      ],
      [
        -0.10861279599469403,
        -0.05577203950924986,
        0.9925183827794797
      ]
    ],
    "fx": 1159.5880733038064,
    "fy": 1164.6601287484507
  },
  {
    "id": 11,
    "img_name": "/Image Set Camera_00010",
    "width": 1959,
    "height": 1090,
    "position": [
      -0.1430854148488598,
      0.6338013898216209,
      1.7692992393452127
    ],
    "rotation": [
      [
        0.9938888026249832,
        0.01520466839687648,
        0.10933373713368706
      ],
      [
        -0.020908048667079855,
        0.9984690679316676,
        0.05120911915471741
      ],
      [
        -0.10838773693371485,
        -0.053182125217107024,
        0.9926851263314967
      ]
    ],
    "fx": 1159.5880733038064,
    "fy": 1164.6601287484507
  },
  {
    "id": 12,
    "img_name": "/Image Set Camera_00011",
    "width": 1959,
    "height": 1090,
    "position": [
      -0.14230706935291337,
      0.6289372674786989,
      1.7565840557882328
    ],
    "rotation": [
      [
        0.9939084244373633,
        0.014968965537633517,
        0.10918779191453282
      ],
      [
        -0.02042081849778707,
        0.998590741836265,
        0.048984900640692226
      ],
      [
        -0.10830066483784213,
        -0.05091620949787201,
        0.9928134294045635
      ]
    ],
    "fx": 1159.5880733038064,
    "fy": 1164.6601287484507
  },
  {
    "id": 13,
    "img_name": "/Image Set Camera_00012",
    "width": 1959,
    "height": 1090,
    "position": [
      -0.14012376443154245,
      0.6211017464875097,
      1.734626606114853
    ],
    "rotation": [
      [
        0.9939424877198129,
        0.01463891622125935,
        0.10892214300690506
      ],
      [
        -0.01967697697983115,
        0.998778546145676,
        0.04532363992515399
      ],
      [
        -0.10812561066780117,
        -0.04719234992026533,
        0.9930164824547063
      ]
    ],
    "fx": 1159.5880733038064,
    "fy": 1164.6601287484507
  },
  {
    "id": 14,
    "img_name": "/Image Set Camera_00013",
    "width": 1959,
    "height": 1090,
    "position": [
      -0.13898740833902087,
      0.6158548861747332,
      1.720982093312974
    ],
    "rotation": [
      [
        0.9939310128375916,
        0.014116135596057705,
        0.10909572143522908
      ],
      [
        -0.018947527082232705,
        0.9988790945012491,
        0.043376788560620445
      ],
      [
        -0.10836112281213889,
        -0.04518062952414925,
        0.9930843759614257
      ]
    ],
    "fx": 1159.5880733038064,
    "fy": 1164.6601287484507
  },
  {
    "id": 15,
    "img_name": "/Image Set Camera_00014",
    "width": 1959,
    "height": 1090,
    "position": [
      -0.13784676648970343,
      0.6095771731917831,
      1.7050717059444414
    ],
    "rotation": [
      [
        0.9939049153064199,
        0.013665082576384064,
        0.10939051534716722
      ],
      [
        -0.018226652005750674,
        0.9990007026751657,
        0.04080913146816955
      ],
      [
        -0.1087235415464355,
        -0.04255421921156216,
        0.9931607774881641
      ]
    ],
    "fx": 1159.5880733038064,
    "fy": 1164.6601287484507
  },
  {
    "id": 16,
    "img_name": "/Image Set Camera_00015",
    "width": 1959,
    "height": 1090,
    "position": [
      -0.13632217559888302,
      0.604591885617805,
      1.6927303840249115
    ],
    "rotation": [
      [
        0.9939421777677937,
        0.012957850642808428,
        0.10913771740756834
      ],
      [
        -0.017321702140894145,
        0.999083898230476,
        0.039132121480157406
      ],
      [
        -0.10853066796605335,
        -0.04078551707793249,
        0.993256077609157
      ]
    ],
    "fx": 1159.5880733038064,
    "fy": 1164.6601287484507
  },
  {
    "id": 17,
    "img_name": "/Image Set Camera_00016",
    "width": 1959,
    "height": 1090,
    "position": [
      -0.13477165409334857,
      0.6007535285308137,
      1.683562186062999
    ],
    "rotation": [
      [
        0.9939982385501147,
        0.012291648365251866,
        0.10870334465753238
      ],
      [
        -0.01648918634589559,
        0.9991492560323529,
        0.03780040877617466
      ],
      [
        -0.10814623661006241,
        -0.03936596944647208,
        0.9933552798252092
      ]
    ],
    "fx": 1159.5880733038064,
    "fy": 1164.6601287484507
  },
  {
    "id": 18,
    "img_name": "/Image Set Camera_00017",
    "width": 1959,
    "height": 1090,
    "position": [
      -0.13320663953223125,
      0.5969691597583406,
      1.6741439304138792
    ],
    "rotation": [
      [
        0.9940512136600848,
        0.011702127740752306,
        0.10828316963984526
      ],
      [
        -0.015723404576153188,
        0.9992151383591636,
        0.03635769275424408
      ],
      [
        -0.10777271996867759,
        -0.037843988693272324,
        0.9934550182823259
      ]
    ],
    "fx": 1159.5880733038064,
    "fy": 1164.6601287484507
  },
  {
    "id": 19,
    "img_name": "/Image Set Camera_00018",
    "width": 1959,
    "height": 1090,
    "position": [
      -0.13000969525569106,
      0.588516994383481,
      1.6554507563668563
    ],
    "rotation": [
      [
        0.9941558869342707,
        0.010665962429883066,
        0.1074258335754386
      ],
      [
        -0.0143325434355628,
        0.9993387149898529,
        0.03341722491616092
      ],
      [
        -0.10699836761652587,
        -0.03476161630122948,
        0.9936513369183
      ]
    ],
    "fx": 1159.5880733038064,
    "fy": 1164.6601287484507
  },
  {
    "id": 20,
    "img_name": "/Image Set Camera_00019",
    "width": 1959,
    "height": 1090,
    "position": [
      -0.12634399056417783,
      0.5800205467413782,
      1.6356491277158867
    ],
    "rotation": [
      [
        0.9942502111124973,
        0.010436883891789829,
        0.10657199049179784
      ],
      [
        -0.01368651675876867,
        0.9994619768287905,
        0.02980664577738313
      ],
      [
        -0.10620356379032907,
        -0.031093863190599924,
        0.9938581260472331
      ]
    ],
    "fx": 1159.5880733038064,
    "fy": 1164.6601287484507
  },
  {
    "id": 21,
    "img_name": "/Image Set Camera_00020",
    "width": 1959,
    "height": 1090,
    "position": [
      -0.12488571798701795,
      0.5758989392853431,
      1.6258067297985555
    ],
    "rotation": [
      [
        0.9942953897065123,
        0.00997837905343647,
        0.10619373785605593
      ],
      [
        -0.01302171636916957,
        0.9995230012419697,
        0.02800365852967023
      ],
      [
        -0.10586365245529594,
        -0.029226733305510066,
        0.993951047662365
      ]
    ],
    "fx": 1159.5880733038064,
    "fy": 1164.6601287484507
  },
  {
    "id": 22,
    "img_name": "/Image Set Camera_00021",
    "width": 1959,
    "height": 1090,
    "position": [
      -0.12244842871042584,
      0.567087496050818,
      1.6060574647809407
    ],
    "rotation": [
      [
        0.9943792266175516,
        0.009735732803985299,
        0.10542850268428094
      ],
      [
        -0.012393777286565174,
        0.9996208878002565,
        0.024586072439454838
      ],
      [
        -0.10514917002074269,
        -0.025754537079833217,
        0.9941229078256635
      ]
    ],
    "fx": 1159.5880733038064,
    "fy": 1164.6601287484507
  },
  {
    "id": 23,
    "img_name": "/Image Set Camera_00022",
    "width": 1959,
    "height": 1090,
    "position": [
      -0.12105731100890652,
      0.5649444718069607,
      1.6008779535033926
    ],
    "rotation": [
      [
        0.9944154403290347,
        0.009691473352503218,
        0.10509047235344322
      ],
      [
        -0.01224496446976836,
        0.9996445937205934,
        0.023680099035348137
      ],
      [
        -0.10482362749087729,
        -0.02483468520934995,
        0.994180690584064
      ]
    ],
    "fx": 1159.5880733038064,
    "fy": 1164.6601287484507
  },
  {
    "id": 24,
    "img_name": "/Image Set Camera_00023",
    "width": 1959,
    "height": 1090,
    "position": [
      -0.11996627818100364,
      0.5582838360749224,
      1.5860498309939324
    ],
    "rotation": [
      [
        0.9944779766456374,
        0.009845118632971122,
        0.10448266653326625
      ],
      [
        -0.012101772508916617,
        0.9997065155980885,
        0.02098641877193744
      ],
      [
        -0.10424538871787768,
        -0.022134956738864953,
        0.9943052562574669
      ]
    ],
    "fx": 1159.5880733038064,
    "fy": 1164.6601287484507
  },
  {
    "id": 25,
    "img_name": "/Image Set Camera_00024",
    "width": 1959,
    "height": 1090,
    "position": [
      -0.11792884320136082,
      0.546109605627877,
      1.5586294620699506
    ],
    "rotation": [
      [
        0.9946310551730821,
        0.009722697274622554,
        0.1030268569014279
      ],
      [
        -0.011419955128299325,
        0.9998084182775928,
        0.01589689800324939
      ],
      [
        -0.10285255811183738,
        -0.016988110517774824,
        0.9945515348089746
      ]
    ],
    "fx": 1159.5880733038064,
    "fy": 1164.6601287484507
  },
  {
    "id": 26,
    "img_name": "/Image Set Camera_00025",
    "width": 1959,
    "height": 1090,
    "position": [
      -0.11768148519898868,
      0.5410937362011249,
      1.545143679355965
    ],
    "rotation": [
      [
        0.9947007544921103,
        0.009605615031812361,
        0.10236279193480066
      ],
      [
        -0.011045887196735419,
        0.9998476857049948,
        0.013512726090724276
      ],
      [
        -0.1022174025734545,
        -0.014571806690543365,
        0.9946553498880454
      ]
    ],
    "fx": 1159.5880733038064,
    "fy": 1164.6601287484507
  },
  {
    "id": 27,
    "img_name": "/Image Set Camera_00026",
    "width": 1959,
    "height": 1090,
    "position": [
      -0.11701905161858324,
      0.5367015968561005,
      1.5336542260444246
    ],
    "rotation": [
      [
        0.9947762992902807,
        0.009461022747544168,
        0.10163957604646039
      ],
      [
        -0.010729914581750655,
        0.9998710873617537,
        0.011944772542523225
      ],
      [
        -0.10151346365582296,
        -0.012972960594819283,
        0.9947495760190115
      ]
    ],
    "fx": 1159.5880733038064,
    "fy": 1164.6601287484507
  },
  {
    "id": 28,
    "img_name": "/Image Set Camera_00027",
    "width": 1959,
    "height": 1090,
    "position": [
      -0.1167767190822854,
      0.5324338328731882,
      1.5221035112517118
    ],
    "rotation": [
      [
        0.9948502525246686,
        0.009278315802174301,
        0.10093011397733648
      ],
      [
        -0.010371032983498167,
        0.9998930965507209,
        0.010307140489278204
      ],
      [
        -0.10082369129553928,
        -0.011300810859652843,
        0.9948401253203734
      ]
    ],
    "fx": 1159.5880733038064,
    "fy": 1164.6601287484507
  },
  {
    "id": 29,
    "img_name": "/Image Set Camera_00028",
    "width": 1959,
    "height": 1090,
    "position": [
      -0.11429974094100576,
      0.5223672396544059,
      1.4986718281035576
    ],
    "rotation": [
      [
        0.9950303192614388,
        0.008720914496838502,
        0.09918976459704933
      ],
      [
        -0.009518970935911558,
        0.9999259990191035,
        0.007575333521976777
      ],
      [
        -0.09911636062124404,
        -0.008481871019223652,
        0.9950397001734217
      ]
    ],
    "fx": 1159.5880733038064,
    "fy": 1164.6601287484507
  },
  {
    "id": 30,
    "img_name": "/Image Set Camera_00029",
    "width": 1959,
    "height": 1090,
    "position": [
      -0.11400882463344278,
      0.5173541525015574,
      1.4860527847322156
    ],
    "rotation": [
      [
        0.9950861996409541,
        0.008742720074188762,
        0.09862565654953895
      ],
      [
        -0.009393539335162274,
        0.9999370507049619,
        0.006136452250404801
      ],
      [
        -0.09856579884971256,
        -0.007032742933387792,
        0.9951056847510976
      ]
    ],
    "fx": 1159.5880733038064,
    "fy": 1164.6601287484507
  },
  {
    "id": 31,
    "img_name": "/Image Set Camera_00030",
    "width": 1959,
    "height": 1090,
    "position": [
      -0.11257711765348191,
      0.5095071079503648,
      1.4666909901351395
    ],
    "rotation": [
      [
        0.9951874045931237,
        0.008042317283610307,
        0.09765936141462345
      ],
      [
        -0.00845596897502812,
        0.9999569416175703,
        0.0038224991207573304
      ],
      [
        -0.09762441460974638,
        -0.0046299075092890996,
        0.9952125590187052
      ]
    ],
    "fx": 1159.5880733038064,
    "fy": 1164.6601287484507
  },
  {
    "id": 32,
    "img_name": "/Image Set Camera_00031",
    "width": 1959,
    "height": 1090,
    "position": [
      -0.11215909335567414,
      0.4993771100829252,
      1.4414944239812877
    ],
    "rotation": [
      [
        0.9952760989786553,
        0.007430187040698964,
        0.09680020207814595
      ],
      [
        -0.0075069701900439606,
        0.9999717302626716,
        0.00042903851171156165
      ],
      [
        -0.09679427772547017,
        -0.0011536880076387646,
        0.9953037409773889
      ]
    ],
    "fx": 1159.5880733038064,
    "fy": 1164.6601287484507
  },
  {
    "id": 33,
    "img_name": "/Image Set Camera_00032",
    "width": 1959,
    "height": 1090,
    "position": [
      -0.10996307620548221,
      0.48863136373532506,
      1.4153125520205423
    ],
    "rotation": [
      [
        0.9954058087146607,
        0.006913632293953453,
        0.09549595627887413
      ],
      [
        -0.006640019533642179,
        0.999972890050757,
        -0.003182656772178738
      ],
      [
        -0.0955153711069872,
        0.002533940023096204,
        0.9954247299671903
      ]
    ],
    "fx": 1159.5880733038064,
    "fy": 1164.6601287484507
  },
  {
    "id": 34,
    "img_name": "/Image Set Camera_00033",
    "width": 1959,
    "height": 1090,
    "position": [
      -0.10954201124257079,
      0.48277547357632933,
      1.4016802499703793
    ],
    "rotation": [
      [
        0.9954480562900115,
        0.006846158769546173,
        0.09505944108051569
      ],
      [
        -0.00640198829915711,
        0.9999671227224155,
        -0.004976747941278871
      ],
      [
        -0.09509038739144626,
        0.004345524635269493,
        0.9954591576962808
      ]
    ],
    "fx": 1159.5880733038064,
    "fy": 1164.6601287484507
  },
  {
    "id": 35,
    "img_name": "/Image Set Camera_00034",
    "width": 1959,
    "height": 1090,
    "position": [
      -0.10637901661735291,
      0.4704039138338728,
      1.3710863802935092
    ],
    "rotation": [
      [
        0.9956286041767346,
        0.006010504054205001,
        0.09320706188965161
      ],
      [
        -0.00516476844407867,
        0.9999433015156082,
        -0.009312299446668573
      ],
      [
        -0.09325774880408604,
        0.00879019880774945,
        0.995603196405533
      ]
    ],
    "fx": 1159.5880733038064,
    "fy": 1164.6601287484507
  },
  {
    "id": 36,
    "img_name": "/Image Set Camera_00035",
    "width": 1959,
    "height": 1090,
    "position": [
      -0.10621379718504054,
      0.46915579800468765,
      1.3677114948508442
    ],
    "rotation": [
      [
        0.9956403845111232,
        0.005931312042311023,
        0.09308621953865942
      ],
      [
        -0.005042747494434925,
        0.9999394796141486,
        -0.00977792445731367
      ],
      [
        -0.09313858184581797,
        0.009265886166055504,
        0.9956100380798235
      ]
    ],
    "fx": 1159.5880733038064,
    "fy": 1164.6601287484507
  },
  {
    "id": 37,
    "img_name": "/Image Set Camera_00036",
    "width": 1959,
    "height": 1090,
    "position": [
      -0.10248825414857077,
      0.4567380261850444,
      1.337624412215115
    ],
    "rotation": [
      [
        0.9958151592340078,
        0.0050384828003618605,
        0.0912512045444793
      ],
      [
        -0.003820399568072791,
        0.9999013233125215,
        -0.013518438704553997
      ],
      [
        -0.09131031259878707,
        0.01311325012874276,
        0.9957361445102677
      ]
    ],
    "fx": 1159.5880733038064,
    "fy": 1164.6601287484507
  },
  {
    "id": 38,
    "img_name": "/Image Set Camera_00037",
    "width": 1959,
    "height": 1090,
    "position": [
      -0.10071541468726297,
      0.45057900661502426,
      1.3222319455113856
    ],
    "rotation": [
      [
        0.9958948758407172,
        0.004503991894950027,
        0.09040525610390492
      ],
      [
        -0.0031309129252737756,
        0.9998776769141784,
        -0.015324118015738453
      ],
      [
        -0.09046321715734393,
        0.014978159623803944,
        0.9957871565127897
      ]
    ],
    "fx": 1159.5880733038064,
    "fy": 1164.6601287484507
  },
  {
    "id": 39,
    "img_name": "/Image Set Camera_00038",
    "width": 1959,
    "height": 1090,
    "position": [
      -0.09862239399055324,
      0.437287528709699,
      1.2891454739897332
    ],
    "rotation": [
      [
        0.9960177197458214,
        0.0038889032375754146,
        0.0890706370469142
      ],
      [
        -0.002245235953302592,
        0.9998254818152342,
        -0.0185462888052748
      ],
      [
        -0.0891272173236007,
        0.018272447688895965,
        0.9958526280467448
      ]
    ],
    "fx": 1159.5880733038064,
    "fy": 1164.6601287484507
  },
  {
    "id": 40,
    "img_name": "/Image Set Camera_00039",
    "width": 1959,
    "height": 1090,
    "position": [
      -0.09606006206531434,
      0.4258097005115089,
      1.2546806282088236
    ],
    "rotation": [
      [
        0.996178354614885,
        0.003516092851914853,
        0.0872715468399466
      ],
      [
        -0.0015199845881647789,
        0.9997359563630223,
        -0.022928305688932744
      ],
      [
        -0.08732912139505368,
        0.022708030429126114,
        0.9959206644659995
      ]
    ],
    "fx": 1159.5880733038064,
    "fy": 1164.6601287484507
  },
  {
    "id": 41,
    "img_name": "/Image Set Camera_00040",
    "width": 1959,
    "height": 1090,
    "position": [
      -0.09296300480795247,
      0.4141542931010293,
      1.226030957502045
    ],
    "rotation": [
      [
        0.9962702376736903,
        0.0024473942736261333,
        0.0862532537756014
      ],
      [
        -0.0002837852207475222,
        0.9996852134514869,
        -0.02508771556765988
      ],
      [
        -0.086287501942966,
        0.02496966695261954,
        0.9959573197385108
      ]
    ],
    "fx": 1159.5880733038064,
    "fy": 1164.6601287484507
  },
  {
    "id": 42,
    "img_name": "/Image Set Camera_00041",
    "width": 1959,
    "height": 1090,
    "position": [
      -0.08706201322274958,
      0.4100738098828223,
      1.220347818417571
    ],
    "rotation": [
      [
        0.996425095827117,
        0.0017272032064124829,
        0.08446327707947654
      ],
      [
        0.0005746276077645419,
        0.9996292872025933,
        -0.02722054316041325
      ],
      [
        -0.08447898087117921,
        0.027171767257933077,
        0.9960547157937899
      ]
    ],
    "fx": 1159.5880733038064,
    "fy": 1164.6601287484507
  },
  {
    "id": 43,
    "img_name": "/Image Set Camera_00042",
    "width": 1959,
    "height": 1090,
    "position": [
      -0.08606032093561844,
      0.4022275733660212,
      1.1991775094065855
    ],
    "rotation": [
      [
        0.9964623877225812,
        0.0012316604781637468,
        0.0840309042357567
      ],
      [
        0.0011859628297987354,
        0.9995869455063154,
        -0.02871466290104829
      ],
      [
        -0.08403156160859275,
        0.02871273908600558,
        0.9960493337519987
      ]
    ],
    "fx": 1159.5880733038064,
    "fy": 1164.6601287484507
  },
  {
    "id": 44,
    "img_name": "/Image Set Camera_00043",
    "width": 1959,
    "height": 1090,
    "position": [
      -0.08373066832600715,
      0.39015648274907466,
      1.1734923192028615
    ],
    "rotation": [
      [
        0.9965698457025581,
        0.0005299097432448212,
        0.0827542254633779
      ],
      [
        0.002025579264983979,
        0.9995237166359812,
        -0.030793455649473618
      ],
      [
        -0.08273112875466426,
        0.030855454588432918,
        0.9960941226897789
      ]
    ],
    "fx": 1159.5880733038064,
    "fy": 1164.6601287484507
  },
  {
    "id": 45,
    "img_name": "/Image Set Camera_00044",
    "width": 1959,
    "height": 1090,
    "position": [
      -0.08069987338930662,
      0.3767980047281532,
      1.145154755158462
    ],
    "rotation": [
      [
        0.9966969913500068,
        -0.0004101834851844796,
        0.08120923089989952
      ],
      [
        0.003101799426969839,
        0.9994498504298109,
        -0.03302083154833726
      ],
      [
        -0.08115100907665636,
        0.03316365820197309,
        0.996149931235506
      ]
    ],
    "fx": 1159.5880733038064,
    "fy": 1164.6601287484507
  },
  {
    "id": 46,
    "img_name": "/Image Set Camera_00045",
    "width": 1959,
    "height": 1090,
    "position": [
      -0.0807634768640981,
      0.36242323115063724,
      1.116288356363552
    ],
    "rotation": [
      [
        0.9967595214433829,
        -0.0004796791211232164,
        0.0804377170231683
      ],
      [
        0.003319422871253562,
        0.9993757036331747,
        -0.03517363244674571
      ],
      [
        -0.08037062799157625,
        0.03532665984264183,
        0.9961388403533926
      ]
    ],
    "fx": 1159.5880733038064,
    "fy": 1164.6601287484507
  },
  {
    "id": 47,
    "img_name": "/Image Set Camera_00046",
    "width": 1959,
    "height": 1090,
    "position": [
      -0.0774842011924664,
      0.34285544220685743,
      1.0720597308488018
    ],
    "rotation": [
      [
        0.9968772868875766,
        -0.0011857415962886657,
        0.07895738663691361
      ],
      [
        0.004215430119070981,
        0.9992606267879803,
        -0.03821557143631432
      ],
      [
        -0.07885369386766522,
        0.03842907451604377,
        0.9961452209368196
      ]
    ],
    "fx": 1159.5880733038064,
    "fy": 1164.6601287484507
  },
  {
    "id": 48,
    "img_name": "/Image Set Camera_00047",
    "width": 1959,
    "height": 1090,
    "position": [
      -0.07497727535399536,
      0.32493824289539536,
      1.0296663205400955
    ],
    "rotation": [
      [
        0.9969851229182066,
        -0.002021769093837728,
        0.07756659802711373
      ],
      [
        0.005243698694804129,
        0.9991306965803662,
        -0.041356435712357295
      ],
      [
        -0.07741555595464487,
        0.04163848701097861,
        0.9961290418894883
      ]
    ],
    "fx": 1159.5880733038064,
    "fy": 1164.6601287484507
  },
  {
    "id": 49,
    "img_name": "/Image Set Camera_00048",
    "width": 1959,
    "height": 1090,
    "position": [
      -0.07148196592917032,
      0.316004297473076,
      1.0076264599442768
    ],
    "rotation": [
      [
        0.9970627970166044,
        -0.0027993500725369785,
        0.07653719647724885
      ],
      [
        0.0061053504375194155,
        0.9990566370018648,
        -0.04299489223802601
      ],
      [
        -0.07634463636340597,
        0.04333589391827258,
        0.9961392958802718
      ]
    ],
    "fx": 1159.5880733038064,
    "fy": 1164.6601287484507
  },
  {
    "id": 50,
    "img_name": "/Image Set Camera_00049",
    "width": 1959,
    "height": 1090,
    "position": [
      -0.06762913671012714,
      0.3071976953576012,
      0.9834937001609967
    ],
    "rotation": [
      [
        0.9971317210499517,
        -0.0033740255042824315,
        0.07561049416488391
      ],
      [
        0.006784745277290878,
        0.9989685486961206,
        -0.04489772764281839
      ],
      [
        -0.07538101954393939,
        0.045281946378914306,
        0.9961261201397409
      ]
    ],
    "fx": 1159.5880733038064,
    "fy": 1164.6601287484507
  },
  {
    "id": 51,
    "img_name": "/Image Set Camera_00050",
    "width": 1959,
    "height": 1090,
    "position": [
      -0.06184272852120255,
      0.28985298748535243,
      0.9328884114354896
    ],
    "rotation": [
      [
        0.9972348119319371,
        -0.004340033579438062,
        0.07418823343093786
      ],
      [
        0.007942466258331358,
        0.9987997382346893,
        -0.04833218526045988
      ],
      [
        -0.07388942482391674,
        0.048787775219264695,
        0.9960723396864031
      ]
    ],
    "fx": 1159.5880733038064,
    "fy": 1164.6601287484507
  },
  {
    "id": 52,
    "img_name": "/Image Set Camera_00051",
    "width": 1959,
    "height": 1090,
    "position": [
      -0.05644509772931145,
      0.2713901035129634,
      0.876298786121784
    ],
    "rotation": [
      [
        0.9972953170165578,
        -0.005412725171162583,
        0.07329906590854242
      ],
      [
        0.009233909061089455,
        0.998609942143307,
        -0.0518933365278491
      ],
      [
        -0.07291629159724809,
        0.05242981841245048,
        0.995958999437699
      ]
    ],
    "fx": 1159.5880733038064,
    "fy": 1164.6601287484507
  },
  {
    "id": 53,
    "img_name": "/Image Set Camera_00052",
    "width": 1959,
    "height": 1090,
    "position": [
      -0.053369674262689966,
      0.26131383064658753,
      0.8464351647634001
    ],
    "rotation": [
      [
        0.9973311473195168,
        -0.005679604471164103,
        0.07278959183418753
      ],
      [
        0.009599277435025068,
        0.998515636513393,
        -0.05361322141952523
      ],
      [
        -0.07237704372977598,
        0.05416886311622898,
        0.9959052654794197
      ]
    ],
    "fx": 1159.5880733038064,
    "fy": 1164.6601287484507
  },
  {
    "id": 54,
    "img_name": "/Image Set Camera_00053",
    "width": 1959,
    "height": 1090,
    "position": [
      -0.05077862887691226,
      0.25127703643973426,
      0.8158514834895778
    ],
    "rotation": [
      [
        0.9973631318754941,
        -0.00624482566451586,
        0.07230342542318184
      ],
      [
        0.010260726834847654,
        0.9984167909084566,
        -0.055304874259689205
      ],
      [
        -0.07184358468455239,
        0.05590092829711507,
        0.9958481739478134
      ]
    ],
    "fx": 1159.5880733038064,
    "fy": 1164.6601287484507
  },
  {
    "id": 55,
    "img_name": "/Image Set Camera_00054",
    "width": 1959,
    "height": 1090,
    "position": [
      -0.04294186832627457,
      0.23075566616069998,
      0.753777929141656
    ],
    "rotation": [
      [
        0.9974247248118369,
        -0.007464899449385623,
        0.07133157512800241
      ],
      [
        0.011678892570362108,
        0.9981989324079018,
        -0.05884296736276085
      ],
      [
        -0.07076384530507956,
        0.059524504331708306,
        0.9957154772231389
      ]
    ],
    "fx": 1159.5880733038064,
    "fy": 1164.6601287484507
  },
  {
    "id": 56,
    "img_name": "/Image Set Camera_00055",
    "width": 1959,
    "height": 1090,
    "position": [
      -0.035370795667040815,
      0.20933409549986745,
      0.6849429683751986
    ],
    "rotation": [
      [
        0.997482565384894,
        -0.008672325379073989,
        0.07037984459836688
      ],
      [
        0.013107432260496012,
        0.9979399477497597,
        -0.06280171896328446
      ],
      [
        -0.06969022149991569,
        0.06356611878765545,
        0.9955413710989446
      ]
    ],
    "fx": 1159.5880733038064,
    "fy": 1164.6601287484507
  },
  {
    "id": 57,
    "img_name": "/Image Set Camera_00056",
    "width": 1959,
    "height": 1090,
    "position": [
      -0.030845930535648828,
      0.19702598084936335,
      0.6488253920010405
    ],
    "rotation": [
      [
        0.9975133900506694,
        -0.009377216150646019,
        0.06985058687573913
      ],
      [
        0.013901619947445033,
        0.9978162896991561,
        -0.06457086784182534
      ],
      [
        -0.06909255844487099,
        0.06538134159126546,
        0.9954654682806774
      ]
    ],
    "fx": 1159.5880733038064,
    "fy": 1164.6601287484507
  },
  {
    "id": 58,
    "img_name": "/Image Set Camera_00057",
    "width": 1959,
    "height": 1090,
    "position": [
      -0.026072637530687524,
      0.18311690373437384,
      0.609910947347701
    ],
    "rotation": [
      [
        0.9975344993587889,
        -0.010342465059749248,
        0.0694114976462706
      ],
      [
        0.014947344811101316,
        0.9976974687184965,
        -0.06615389478936765
      ],
      [
        -0.06856748115621868,
        0.0670283099085196,
        0.9953922373610813
      ]
    ],
    "fx": 1159.5880733038064,
    "fy": 1164.6601287484507
  },
  {
    "id": 59,
    "img_name": "/Image Set Camera_00058",
    "width": 1959,
    "height": 1090,
    "position": [
      -0.016679469792709317,
      0.15131395876295525,
      0.5336216647824823
    ],
    "rotation": [
      [
        0.9976169650906347,
        -0.011714723030692228,
        0.06799379550860211
      ],
      [
        0.016391895703466844,
        0.9975065917079387,
        -0.06864331908101863
      ],
      [
        -0.06702012174413068,
        0.06959428685981373,
        0.9953215251956907
      ]
    ],
    "fx": 1159.5880733038064,
    "fy": 1164.6601287484507
  },
  {
    "id": 60,
    "img_name": "/Image Set Camera_00059",
    "width": 1959,
    "height": 1090,
    "position": [
      -0.012250532674293536,
      0.13406353415492248,
      0.49160200628569484
    ],
    "rotation": [
      [
        0.997639112726105,
        -0.01204671444342221,
        0.06760974360392838
      ],
      [
        0.0167833154436283,
        0.9974104738197996,
        -0.06993330420681221
      ],
      [
        -0.06659219985696492,
        0.07090291521285647,
        0.9952578839338719
      ]
    ],
    "fx": 1159.5880733038064,
    "fy": 1164.6601287484507
  },
  {
    "id": 61,
    "img_name": "/Image Set Camera_00060",
    "width": 1959,
    "height": 1090,
    "position": [
      0.0011996733303931274,
      0.097671955094317,
      0.4023969816688776
    ],
    "rotation": [
      [
        0.9977181528970677,
        -0.01318609230988876,
        0.0662164205409708
      ],
      [
        0.01799983249449095,
        0.9971961400913106,
        -0.07263514450430644
      ],
      [
        -0.06507298525374315,
        0.07366128668837046,
        0.9951580384208227
      ]
    ],
    "fx": 1159.5880733038064,
    "fy": 1164.6601287484507
  },
  {
    "id": 62,
    "img_name": "/Image Set Camera_00061",
    "width": 1959,
    "height": 1090,
    "position": [
      0.009530088170432317,
      0.07844470865819578,
      0.3555076427699606
    ],
    "rotation": [
      [
        0.9977647106572702,
        -0.014047593638060388,
        0.06533182440429552
      ],
      [
        0.01888040452799833,
        0.9970828718422069,
        -0.07395456039864128
      ],
      [
        -0.06410235948756425,
        0.07502274183124119,
        0.9951193273754912
      ]
    ],
    "fx": 1159.5880733038064,
    "fy": 1164.6601287484507
  },
  {
    "id": 63,
    "img_name": "/Image Set Camera_00062",
    "width": 1959,
    "height": 1090,
    "position": [
      0.01677993582985598,
      0.03586665717672061,
      0.2503415337585142
    ],
    "rotation": [
      [
        0.9977735271467914,
        -0.014445391986423186,
        0.06511005433425611
      ],
      [
        0.019393584555640005,
        0.9969178259327082,
        -0.07601800586496547
      ],
      [
        -0.06381126392052146,
        0.07711147118270578,
        0.9949783633873173
      ]
    ],
    "fx": 1159.5880733038064,
    "fy": 1164.6601287484507
  },
  {
    "id": 64,
    "img_name": "/Image Set Camera_00063",
    "width": 1959,
    "height": 1090,
    "position": [
      0.016321044309692483,
      -0.013567373227310268,
      0.12211928447580896
    ],
    "rotation": [
      [
        0.997706209657063,
        -0.015379671115948335,
        0.06592256766921159
      ],
      [
        0.020506663264297197,
        0.996756810990443,
        -0.0778160427285213
      ],
      [
        -0.06451198317755578,
        0.07898940093789542,
        0.9947858455798269
      ]
    ],
    "fx": 1159.5880733038064,
    "fy": 1164.6601287484507
  },
  {
    "id": 65,
    "img_name": "/Image Set Camera_00064",
    "width": 1959,
    "height": 1090,
    "position": [
      0.017203385722160677,
      -0.02967060143861408,
      0.07775284523498667
    ],
    "rotation": [
      [
        0.9976972210264515,
        -0.01597802582099443,
        0.06591629424474392
      ],
      [
        0.02116146727415741,
        0.9966734182451849,
        -0.07870380973157297
      ],
      [
        -0.06443948679886262,
        0.0799174577568788,
        0.9947164181246717
      ]
    ],
    "fx": 1159.5880733038064,
    "fy": 1164.6601287484507
  },
  {
    "id": 66,
    "img_name": "/Image Set Camera_00065",
    "width": 1959,
    "height": 1090,
    "position": [
      0.01741133813791347,
      -0.05142835872361477,
      0.007885050449322008
    ],
    "rotation": [
      [
        0.9976654188914452,
        -0.016428024630620982,
        0.06628598611239614
      ],
      [
        0.02174010398367239,
        0.9965392027059137,
        -0.0802308254291384
      ],
      [
        -0.06473854977473759,
        0.08148458429051153,
        0.9945698480730584
      ]
    ],
    "fx": 1159.5880733038064,
    "fy": 1164.6601287484507
  },
  {
    "id": 67,
    "img_name": "/Image Set Camera_00066",
    "width": 1959,
    "height": 1090,
    "position": [
      0.020821900685905077,
      -0.08691758955057843,
      -0.09874974071843833
    ],
