[
  {
    "id": 1,
    "img_name": "/Image Set Camera_00000",
    "width": 1959,
    "height": 1090,
    "position": [
      2.882685007421611,
      -0.20497182943040348,
      -5.1834466162443436
    ],
    "rotation": [
      [
        -0.8337584763143767,
        -0.19833985341851837,
        -0.5152747866137538
      ],
      [
        -0.07548313539467363,
        0.9654342789689657,
        -0.249477352203888
      ],
      [
        0.5469452435526962,
        -0.16910930056503123,
        -0.8199103274245835
      ]
    ],
    "fx": 1159.5880733038064,
    "fy": 1164.6601287484507
  },
  {
    "id": 2,
    "img_name": "/Image Set Camera_00001",
    "width": 1959,
    "height": 1090,
    "position": [
      2.8670736129786643,
      -0.20447500616712277,
      -5.121008741033717
    ],
    "rotation": [
      [
        -0.8327401217862259,
        -0.1938922827759792,
        -0.5186035790923365
      ],
      [
        -0.07008414565835698,
        0.9660555162528934,
        -0.24864623875034547
      ],
      [
        0.5492104351656111,
        -0.1707118103625971,
        -0.8180619632447929
      ]
    ],
    "fx": 1159.5880733038064,
    "fy": 1164.6601287484507
  },
  {
    "id": 3,
    "img_name": "/Image Set Camera_00002",
    "width": 1959,
    "height": 1090,
    "position": [
      2.847260690525569,
      -0.20510148276640627,
      -5.044896245053422
    ],
    "rotation": [
      [
        -0.8320397390148274,
        -0.18851266188989688,
        -0.521701877519454
      ],
      [
        -0.0639907872122655,
        0.9668241737020687,
        -0.2472977887027431
      ],
      [
        0.5510127510794033,
        -0.17237747373858753,
        -0.8164992067941096
      ]
    ],
    "fx": 1159.5880733038064,
    "fy": 1164.6601287484507
  },
  {
    "id": 4,
    "img_name": "/Image Set Camera_00003",
    "width": 1959,
    "height": 1090,
    "position": [
      2.8399767543476018,
      -0.20389328459529776,
      -5.018138673129535
    ],
    "rotation": [
      [
        -0.8317743690088787,
        -0.18659630385824164,
        -0.5228127948380036
      ],
      [
        -0.0618737053494825,
        0.9671069882956506,
        -0.2467300504114603
      ],
      [
        0.5516548229157496,
        -0.17287536717577512,
        -0.8159602096779192
      ]
    ],
    "fx": 1159.5880733038064,
    "fy": 1164.6601287484507
  },
  {
    "id": 5,
    "img_name": "/Image Set Camera_00004",
    "width": 1959,
    "height": 1090,
    "position": [
      2.8037462058411577,
      -0.19832163058014696,
      -4.863960173398314
    ],
    "rotation": [
      [
        -0.8303777490256058,
        -0.17617626534527941,
        -0.5286158505494872
      ],
      [
        -0.05095823112910547,
        0.9687344139905545,
        -0.24281040717104738
      ],
      [
        0.5548657969305378,
        -0.17468703065587565,
        -0.8133931329420432
      ]
    ],
    "fx": 1159.5880733038064,
    "fy": 1164.6601287484507
  },
  {
    "id": 6,
    "img_name": "/Image Set Camera_00005",
    "width": 1959,
    "height": 1090,
    "position": [
      2.8007045511402815,
      -0.19791771986632245,
      -4.850097185470491
    ],
    "rotation": [
      [
        -0.8303573780376966,
        -0.17522784630415514,
        -0.5289629728232113
      ],
      [
        -0.049779939521858094,
        0.9688013094212976,
        -0.2427879331531517
      ],
      [
        0.5550032273415733,
        -0.17526900679580087,
        -0.8131741467221222
      ]
    ],
    "fx": 1159.5880733038064,
    "fy": 1164.6601287484507
  },
  {
    "id": 7,
    "img_name": "/Image Set Camera_00006",
    "width": 1959,
    "height": 1090,
    "position": [
      2.7796727972127298,
      -0.19286658355184982,
      -4.727090891637705
    ],
    "rotation": [
      [
        -0.8273269758478645,
        -0.16669599399417284,
        -0.5364163687106517
      ],
      [
        -0.0403556117941669,
        0.9701232436194259,
        -0.23923276695729317
      ],
      [
        0.5602691314280536,
        -0.17627631087477055,
        -0.8093362481646524
      ]
    ],
    "fx": 1159.5880733038064,
    "fy": 1164.6601287484507
  },
  {
    "id": 8,
    "img_name": "/Image Set Camera_00007",
    "width": 1959,
    "height": 1090,
    "position": [
      2.7567019954525622,
      -0.18478802955093487,
      -4.608755214108845
    ],
    "rotation": [
      [
        -0.8215554426809643,
        -0.15889496853963342,
        -0.5475390794948557
      ],
      [
        -0.031122251801863954,
        0.9714451014365706,
        -0.23521441354150163
      ],
      [
        0.5692785434601118,
        -0.17620103253863204,
        -0.8030411795719157
      ]
    ],
    "fx": 1159.5880733038064,
    "fy": 1164.6601287484507
  },
  {
    "id": 9,
    "img_name": "/Image Set Camera_00008",
    "width": 1959,
    "height": 1090,
    "position": [
      2.741979835378106,
      -0.18051519816269535,
      -4.515207409301028
    ],
    "rotation": [
      [
        -0.8143775101236914,
        -0.15356266832900375,
        -0.5596496921292938
      ],
      [
        -0.023302114541126726,
        0.9722303961593293,
        -0.23286276697184966
      ],
      [
        0.5798674697399823,
        -0.17659717913814515,
        -0.7953409041774482
      ]
    ],
    "fx": 1159.5880733038064,
    "fy": 1164.6601287484507
  },
  {
    "id": 10,
    "img_name": "/Image Set Camera_00009",
    "width": 1959,
    "height": 1090,
    "position": [
      2.7267539168600687,
      -0.1733418704043399,
      -4.416294873624661
    ],
    "rotation": [
      [
        -0.8040559711344826,
        -0.14873449987899803,
        -0.5756492368002655
      ],
      [
        -0.015858104213004917,
        0.9732246020040948,
        -0.2293085139822347
      ],
      [
        0.5943420865240433,
        -0.17524817431207548,
        -0.7848856996955231
      ]
    ],
    "fx": 1159.5880733038064,
    "fy": 1164.6601287484507
  },
  {
    "id": 11,
    "img_name": "/Image Set Camera_00010",
    "width": 1959,
    "height": 1090,
    "position": [
      2.7167161314794748,
      -0.1614107906532245,
      -4.305817402392254
    ],
    "rotation": [
      [
        -0.7877377830174288,
        -0.14486785214207384,
        -0.5987340733769279
      ],
      [
        -0.007589136896418533,
        0.9741625319939445,
        -0.22572054904309105
      ],
      [
        0.6159639520361185,
        -0.17326473003727355,
        -0.7684840552133513
      ]
    ],
    "fx": 1159.5880733038064,
    "fy": 1164.6601287484507
  },
  {
    "id": 12,
    "img_name": "/Image Set Camera_00011",
    "width": 1959,
    "height": 1090,
    "position": [
      2.715411829530255,
      -0.14669753908792782,
      -4.224640441482377
    ],
    "rotation": [
      [
        -0.7741930855346209,
        -0.1436466961807117,
        -0.6164338512660944
      ],
      [
        -0.003749598389261463,
        0.9749306189656511,
        -0.22247747911905968
      ],
      [
        0.6329383910162998,
        -0.16992914664535544,
        -0.7553231614998172
      ]
    ],
    "fx": 1159.5880733038064,
    "fy": 1164.6601287484507
  },
  {
    "id": 13,
    "img_name": "/Image Set Camera_00012",
    "width": 1959,
    "height": 1090,
    "position": [
      2.7333165679621265,
      -0.12017957631227061,
      -4.114165693373285
    ],
    "rotation": [
      [
        -0.7516734309394562,
        -0.14440467417622727,
        -0.6435327056923869
      ],
      [
        -0.0004137841661827485,
        0.9758393529466978,
        -0.21848886933487943
      ],
      [
        0.659535353110332,
        -0.16396599439099513,
        -0.7335722668428801
      ]
    ],
    "fx": 1159.5880733038064,
    "fy": 1164.6601287484507
  },
  {
    "id": 14,
    "img_name": "/Image Set Camera_00013",
    "width": 1959,
    "height": 1090,
    "position": [
      2.745464717496338,
      -0.10392641801920566,
      -4.048788910796941
    ],
    "rotation": [
      [
        -0.7377912248571095,
        -0.1454238000283975,
        -0.6591782967522116
      ],
      [
        0.0008354699583263681,
        0.9763210599752562,
        -0.2163249635126299
      ],
      [
        0.6750284516328143,
        -0.16015338346126995,
        -0.7201996134767864
      ]
    ],
    "fx": 1159.5880733038064,
    "fy": 1164.6601287484507
  },
  {
    "id": 15,
    "img_name": "/Image Set Camera_00014",
    "width": 1959,
    "height": 1090,
    "position": [
      2.7581724887582904,
      -0.08638619570995876,
      -3.9799098207031136
    ],
    "rotation": [
      [
        -0.7230597134160063,
        -0.14685789371400285,
        -0.6749943776718806
      ],
      [
        0.0019137894096536018,
        0.9767106721285485,
        -0.2145520924164913
      ],
      [
        0.6907828806831118,
        -0.15642577154703688,
        -0.7059390835979092
      ]
    ],
    "fx": 1159.5880733038064,
    "fy": 1164.6601287484507
  },
  {
    "id": 16,
    "img_name": "/Image Set Camera_00015",
    "width": 1959,
    "height": 1090,
    "position": [
      2.772501223628744,
      -0.06014522261753219,
      -3.8862727388857614
    ],
    "rotation": [
      [
        -0.7036299294215198,
        -0.1484624366057423,
        -0.6948840387714721
      ],
      [
        0.0026346871916214654,
        0.9773776423436752,
        -0.2114852303829307
      ],
      [
        0.7105617361254891,
        -0.15063813980464882,
        -0.6873210094202896
      ]
    ],
    "fx": 1159.5880733038064,
    "fy": 1164.6601287484507
  },
  {
    "id": 17,
    "img_name": "/Image Set Camera_00016",
    "width": 1959,
    "height": 1090,
    "position": [
      2.762455290231197,
      -0.027154835402517397,
      -3.716179178490719
    ],
    "rotation": [
      [
        -0.6730245473810449,
        -0.14626269407499198,
        -0.7250139191384293
      ],
      [
        0.0067203155648979385,
        0.9790019478387845,
        -0.20374008806951607
      ],
      [
        0.7395896132188767,
        -0.14199440288191392,
        -0.6579094113698031
      ]
    ],
    "fx": 1159.5880733038064,
    "fy": 1164.6601287484507
  },
  {
    "id": 18,
    "img_name": "/Image Set Camera_00017",
    "width": 1959,
    "height": 1090,
    "position": [
      2.7489102205482587,
      -0.012137533872293549,
      -3.623769927811768
    ],
    "rotation": [
      [
        -0.6567268430877302,
        -0.1437942896463829,
        -0.7402925474656056
      ],
      [
        0.009909145945820763,
        0.97992285685607,
        -0.19913061903600507
      ],
      [
        0.7540634339328808,
        -0.13811008969706123,
        -0.642116765650315
      ]
    ],
    "fx": 1159.5880733038064,
    "fy": 1164.6601287484507
  },
  {
    "id": 19,
    "img_name": "/Image Set Camera_00018",
    "width": 1959,
    "height": 1090,
    "position": [
      2.715095473837533,
      0.015120440202334717,
      -3.4278814038492342
    ],
    "rotation": [
      [
        -0.6228984662147306,
        -0.13695928351181744,
        -0.7702205239068002
      ],
      [
        0.01776912776488293,
        0.9818246319382202,
        -0.18895674165759105
      ],
      [
        0.7821008623482085,
        -0.13138701145588155,
        -0.6091434103188516
      ]
    ],
    "fx": 1159.5880733038064,
    "fy": 1164.6601287484507
  },
  {
    "id": 20,
    "img_name": "/Image Set Camera_00019",
    "width": 1959,
    "height": 1090,
    "position": [
      2.6951057978169164,
      0.027617565814990197,
      -3.3285173817446365
    ],
    "rotation": [
      [
        -0.6065881151383402,
        -0.13308285788242627,
        -0.7837983232380392
      ],
      [
        0.022167921083829145,
        0.9826750155515993,
        -0.18400651370395849
      ],
      [
        0.7947071421899622,
        -0.1289913436960398,
        -0.5931288151858357
      ]
    ],
    "fx": 1159.5880733038064,
    "fy": 1164.6601287484507
  },
  {
    "id": 21,
    "img_name": "/Image Set Camera_00020",
    "width": 1959,
    "height": 1090,
    "position": [
      2.653004829087673,
      0.05140054649459813,
      -3.1225827309388308
    ],
    "rotation": [
      [
        -0.5726875633633154,
        -0.12565110342335298,
        -0.8100868811291061
      ],
      [
        0.030734942301249554,
        0.9841977508515298,
        -0.1743850639834982
      ],
      [
        0.8191973621116755,
        -0.12476613093016772,
        -0.5597759323890129
      ]
    ],
    "fx": 1159.5880733038064,
    "fy": 1164.6601287484507
  },
  {
    "id": 22,
    "img_name": "/Image Set Camera_00021",
    "width": 1959,
    "height": 1090,
    "position": [
      2.633359847655442,
      0.06267116121349448,
      -3.0179915862672124
    ],
    "rotation": [
      [
        -0.5545137195709248,
        -0.12195862863021112,
        -0.8231893024755945
      ],
      [
        0.0349357071746368,
        0.984918911813524,
        -0.16945274714879
      ],
      [
        0.8314409366706849,
        -0.12272257353356786,
        -0.5418903383282195
      ]
    ],
    "fx": 1159.5880733038064,
    "fy": 1164.6601287484507
  },
  {
    "id": 23,
    "img_name": "/Image Set Camera_00022",
    "width": 1959,
    "height": 1090,
    "position": [
      2.604565067977348,
      0.08023646254753308,
      -2.8560745780772927
    ],
    "rotation": [
      [
        -0.5251026382595176,
        -0.11645659343879051,
        -0.8430332621774341
      ],
      [
        0.040823763769660085,
        0.9860058806462386,
        -0.16163484662260919
      ],
      [
        0.8500591977060028,
        -0.11929067514130207,
        -0.5130000928067745
      ]
    ],
    "fx": 1159.5880733038064,
    "fy": 1164.6601287484507
  },
  {
    "id": 24,
    "img_name": "/Image Set Camera_00023",
    "width": 1959,
    "height": 1090,
    "position": [
      2.5540136855080284,
      0.11441461153264204,
      -2.5621995830261564
    ],
    "rotation": [
      [
        -0.46744879228413183,
        -0.10627052517601157,
        -0.8776093675838478
      ],
      [
        0.047673248054315484,
        0.9882731579393474,
        -0.14506352648595475
      ],
      [
        0.8827337582827894,
        -0.10964825933595243,
        -0.4569008330179946
      ]
    ],
    "fx": 1159.5880733038064,
    "fy": 1164.6601287484507
  },
  {
    "id": 25,
    "img_name": "/Image Set Camera_00024",
    "width": 1959,
    "height": 1090,
    "position": [
      2.531592289487322,
      0.12571328445298308,
      -2.456738094788959
    ],
    "rotation": [
      [
        -0.446088766294045,
        -0.10299771207436097,
        -0.889042340889175
      ],
      [
        0.0499250392420026,
        0.9889454532589204,
        -0.13962227950865508
      ],
      [
        0.8935951561210153,
        -0.10666940416987218,
        -0.436015292359228
      ]
    ],
    "fx": 1159.5880733038064,
    "fy": 1164.6601287484507
  },
  {
    "id": 26,
    "img_name": "/Image Set Camera_00025",
    "width": 1959,
    "height": 1090,
    "position": [
      2.4903231363096054,
      0.1440397022719747,
      -2.2746291759011203
    ],
    "rotation": [
      [
        -0.4084080004848918,
        -0.09653356283287258,
        -0.9076806577132315
      ],
      [
        0.05368100904174114,
        0.9901310593435056,
        -0.12945591756102812
      ],
      [
        0.9112196521191765,
        -0.101596046035754,
        -0.39919542710520595
      ]
    ],
    "fx": 1159.5880733038064,
    "fy": 1164.6601287484507
  },
  {
    "id": 27,
    "img_name": "/Image Set Camera_00026",
    "width": 1959,
    "height": 1090,
    "position": [
      2.465384053747118,
      0.15634154923315502,
      -2.1714304435826617
    ],
    "rotation": [
      [
        -0.3871278848704203,
        -0.09328378153900144,
        -0.9172950108103383
      ],
      [
        0.05471783152906401,
        0.9907910918096499,
        -0.12385060073895068
      ],
      [
        0.9204009776551259,
        -0.09813841496797193,
        -0.3784585734780791
      ]
    ],
    "fx": 1159.5880733038064,
    "fy": 1164.6601287484507
  },
  {
    "id": 28,
    "img_name": "/Image Set Camera_00027",
    "width": 1959,
    "height": 1090,
    "position": [
      2.4250305084013215,
      0.17041414091631193,
      -2.0249648230475548
    ],
    "rotation": [
      [
        -0.3559426318702698,
        -0.08843518802745115,
        -0.930313957938832
      ],
      [
        0.05662833895959174,
        0.9916416577522941,
        -0.11593124616323083
      ],
      [
        0.9327904770332635,
        -0.09394700702434007,
        -0.3479596037289752
      ]
    ],
    "fx": 1159.5880733038064,
    "fy": 1164.6601287484507
  },
  {
    "id": 29,
    "img_name": "/Image Set Camera_00028",
    "width": 1959,
    "height": 1090,
    "position": [
      2.3914101855831214,
      0.18196956547078535,
      -1.8802582152243106
    ],
    "rotation": [
      [
        -0.32391945313781534,
        -0.08336770967028619,
        -0.9424043786311848
      ],
      [
        0.05843881659566326,
        0.9924447805234617,
        -0.10788077830010512
      ],
      [
        0.9442780801193031,
        -0.09001767935282975,
        -0.31660026028121646
      ]
    ],
    "fx": 1159.5880733038064,
    "fy": 1164.6601287484507
  },
  {
    "id": 30,
    "img_name": "/Image Set Camera_00029",
    "width": 1959,
    "height": 1090,
    "position": [
      2.36536447496607,
      0.18631217442333345,
      -1.7896823956992434
    ],
    "rotation": [
      [
        -0.30314291613498795,
        -0.08037777519468092,
        -0.9495492539367976
      ],
      [
        0.05974324131506642,
        0.9928733093435255,
        -0.10311807169650582
      ],
      [
        0.9510705113262345,
        -0.08798866317878293,
        -0.2961804815271683
      ]
    ],
    "fx": 1159.5880733038064,
    "fy": 1164.6601287484507
  },
  {
    "id": 31,
    "img_name": "/Image Set Camera_00030",
    "width": 1959,
    "height": 1090,
    "position": [
      2.3195500594302954,
      0.18888561550706492,
      -1.6557380222034672
    ],
    "rotation": [
      [
        -0.27123423960861337,
        -0.07520703432439607,
        -0.9595706796542224
      ],
      [
        0.06194931133161956,
        0.9935116199181202,
        -0.09537790054939677
      ],
      [
        0.9605177094096056,
        -0.08531449510957478,
        -0.26481534478712326
      ]
    ],
    "fx": 1159.5880733038064,
    "fy": 1164.6601287484507
  },
  {
    "id": 32,
    "img_name": "/Image Set Camera_00031",
    "width": 1959,
    "height": 1090,
    "position": [
      2.2642928613789923,
      0.18781144715764356,
      -1.5212092752205082
    ],
    "rotation": [
      [
        -0.23864795540773287,
        -0.0697973701152078,
        -0.9685945903755138
      ],
      [
        0.06463022418984213,
        0.9940607643633612,
        -0.08755644393475959
      ],
      [
        0.9689530883901859,
        -0.08349565185283994,
        -0.23271954928795702
      ]
    ],
    "fx": 1159.5880733038064,
    "fy": 1164.6601287484507
  },
  {
    "id": 33,
    "img_name": "/Image Set Camera_00032",
    "width": 1959,
    "height": 1090,
    "position": [
      2.209506714095163,
      0.18829889140577974,
      -1.395125729351247
    ],
    "rotation": [
      [
        -0.20593557760738,
        -0.0660655985809868,
        -0.9763328707769962
      ],
      [
        0.06665483788876612,
        0.9944541824817058,
        -0.08135116182737918
      ],
      [
        0.9762928200399392,
        -0.08183040772706711,
        -0.200389904710005
      ]
    ],
    "fx": 1159.5880733038064,
    "fy": 1164.6601287484507
  },
  {
    "id": 34,
    "img_name": "/Image Set Camera_00033",
    "width": 1959,
    "height": 1090,
    "position": [
      2.131922259123117,
      0.1879809469564381,
      -1.231861724273516
    ],
    "rotation": [
      [
        -0.1642671687838593,
        -0.06023504576166462,
        -0.984575053777936
      ],
      [
        0.0690355372880744,
        0.9949843266844531,
        -0.07238980759493914
      ],
      [
        0.983997150326708,
        -0.07986193658042351,
        -0.15928489958104136
      ]
    ],
    "fx": 1159.5880733038064,
    "fy": 1164.6601287484507
  },
  {
    "id": 35,
    "img_name": "/Image Set Camera_00034",
    "width": 1959,
    "height": 1090,
    "position": [
      2.077067904905389,
      0.18862107402577918,
      -1.110127141720296
    ],
    "rotation": [
      [
        -0.13730218443278053,
        -0.055824670646280654,
        -0.9889548605963879
      ],
      [
        0.0707577367430688,
        0.9953072018098389,
        -0.06600694445637557
      ],
      [
        0.9879987109510747,
        -0.0790391053384511,
        -0.13270782564081118
      ]
    ],
    "fx": 1159.5880733038064,
    "fy": 1164.6601287484507
  },
  {
    "id": 36,
    "img_name": "/Image Set Camera_00035",
    "width": 1959,
    "height": 1090,
    "position": [
      2.0386720396264337,
      0.19005340264585008,
      -1.0310589540767454
    ],
    "rotation": [
      [
        -0.12078792801585483,
        -0.05306584875077485,
        -0.9912589430325441
      ],
      [
        0.07144333691838611,
        0.9955159128777525,
        -0.061999329166862446
      ],
      [
        0.9901040985954974,
        -0.07830761714887562,
        -0.11645510311215425
      ]
    ],
    "fx": 1159.5880733038064,
    "fy": 1164.6601287484507
  },
  {
    "id": 37,
    "img_name": "/Image Set Camera_00036",
    "width": 1959,
    "height": 1090,
    "position": [
      1.9586774487591239,
      0.19681814993101177,
      -0.8735828356119444
    ],
    "rotation": [
      [
        -0.0899119489566682,
        -0.04884118373022734,
        -0.9947514162878299
      ],
      [
        0.07253147682442922,
        0.9958235375602442,
        -0.05544967908534709
      ],
      [
        0.9933051023247996,
        -0.07713637801213424,
        -0.08599391189315876
      ]
    ],
    "fx": 1159.5880733038064,
    "fy": 1164.6601287484507
  },
  {
    "id": 38,
    "img_name": "/Image Set Camera_00037",
    "width": 1959,
    "height": 1090,
    "position": [
      1.9098732517759804,
      0.2026432121876869,
      -0.7782422869969376
    ],
    "rotation": [
      [
        -0.07094448012846036,
        -0.046917499912607664,
        -0.9963762486838258
      ],
      [
        0.07209101524776143,
        0.9960397952377478,
        -0.05203471748066344
      ],
      [
        0.9948717335716447,
        -0.07552135131667001,
        -0.06728119525881349
      ]
    ],
    "fx": 1159.5880733038064,
    "fy": 1164.6601287484507
  },
  {
    "id": 39,
    "img_name": "/Image Set Camera_00038",
    "width": 1959,
    "height": 1090,
    "position": [
      1.799872540148269,
      0.20800469345924394,
      -0.5808962677544728
    ],
    "rotation": [
      [
        -0.03185854276402469,
        -0.042701146145494494,
        -0.9985798142215844
      ],
      [
        0.07237815457666184,
        0.9963653908324783,
        -0.04491559519053083
      ],
      [
        0.9968683142687552,
        -0.07370630956101325,
        -0.02865211925611145
      ]
    ],
    "fx": 1159.5880733038064,
    "fy": 1164.6601287484507
  },
  {
    "id": 40,
    "img_name": "/Image Set Camera_00039",
    "width": 1959,
    "height": 1090,
    "position": [
      1.7289435327884983,
      0.21349686448610705,
      -0.4636500416364938
    ],
    "rotation": [
      [
        -0.007576240417068451,
        -0.03986604293842381,
        -0.9991763103684828
      ],
      [
        0.0718422307514753,
        0.9966012019158408,
        -0.04030804163629595
      ],
      [
        0.9973872339577013,
        -0.07208843846507804,
        -0.004686424849723323
      ]
    ],
    "fx": 1159.5880733038064,
    "fy": 1164.6601287484507
  },
  {
    "id": 41,
    "img_name": "/Image Set Camera_00040",
    "width": 1959,
    "height": 1090,
    "position": [
      1.7158614442355362,
      0.2144283399043982,
      -0.44382233163599727
    ],
    "rotation": [
      [
        -0.003577995415352707,
        -0.03954519851264576,
        -0.9992113766483062
      ],
      [
        0.07192933929211634,
        0.9966193184195958,
        -0.03970018012376924
      ],
      [
        0.9974033126563232,
        -0.07201466119795019,
        -0.0007214393509670621
      ]
    ],
    "fx": 1159.5880733038064,
    "fy": 1164.6601287484507
  },
  {
    "id": 42,
    "img_name": "/Image Set Camera_00041",
    "width": 1959,
    "height": 1090,
    "position": [
      1.5906689639792522,
      0.2175644980889215,
      -0.2502080795511291
    ],
    "rotation": [
      [
        0.037257125328334396,
        -0.03441620366291386,
        -0.9987128874394791
      ],
      [
        0.0726626241755262,
        0.9968545330957385,
        -0.03164147427670355
      ],
      [
        0.9966604485280806,
        -0.07139022882656906,
        0.03964070594597288
      ]
    ],
    "fx": 1159.5880733038064,
    "fy": 1164.6601287484507
  },
  {
    "id": 43,
    "img_name": "/Image Set Camera_00042",
    "width": 1959,
    "height": 1090,
    "position": [
      1.5115217018841427,
      0.2199135254394328,
      -0.13643497587344747
    ],
    "rotation": [
      [
        0.06239379867092086,
        -0.031549087920381254,
        -0.9975528401737949
      ],
      [
        0.07304243893550164,
        0.9969643213622928,
        -0.026961899876984607
      ],
      [
        0.9953752136766145,
        -0.07118143706062054,
        0.06450881347706536
      ]
    ],
    "fx": 1159.5880733038064,
    "fy": 1164.6601287484507
  },
  {
    "id": 44,
    "img_name": "/Image Set Camera_00043",
    "width": 1959,
    "height": 1090,
    "position": [
      1.486988658229712,
      0.22254675947358932,
      -0.10028967896654417
    ],
    "rotation": [
      [
        0.07033530079684983,
        -0.030737461161105636,
        -0.9970497249100398
      ],
      [
        0.07288877423789576,
        0.9970116098022973,
        -0.025594462477822686
      ],
      [
        0.9948568600818479,
        -0.07087353808581263,
        0.07236552734061397
      ]
    ],
    "fx": 1159.5880733038064,
    "fy": 1164.6601287484507
  },
  {
    "id": 45,
    "img_name": "/Image Set Camera_00044",
    "width": 1959,
    "height": 1090,
    "position": [
      1.3407225917471914,
      0.23426056401313797,
      0.09149686423340864
    ],
    "rotation": [
      [
        0.11398851324479901,
        -0.026748644884854535,
        -0.9931219103640118
      ],
      [
        0.07050929483997878,
        0.9973345259810039,
        -0.018769193573918874
      ],
      [
        0.9909768202079245,
        -0.06788485311960424,
        0.1155707079130371
      ]
    ],
    "fx": 1159.5880733038064,
    "fy": 1164.6601287484507
  },
  {
    "id": 46,
    "img_name": "/Image Set Camera_00045",
    "width": 1959,
    "height": 1090,
    "position": [
      1.3138656442529937,
      0.23688690952353758,
      0.13002218690590284
    ],
    "rotation": [
      [
        0.12275544708323662,
        -0.025888243100021132,
        -0.9920992385243469
      ],
      [
        0.07010972570384351,
        0.9973883678343888,
        -0.01735137085033566
      ],
      [
        0.9899574367482304,
        -0.06742583019769398,
        0.12424987263182695
      ]
    ],
    "fx": 1159.5880733038064,
    "fy": 1164.6601287484507
  },
  {
    "id": 47,
    "img_name": "/Image Set Camera_00046",
    "width": 1959,
    "height": 1090,
    "position": [
      1.150500943918374,
      0.2427690783295733,
      0.3410759462548251
    ],
    "rotation": [
      [
        0.17139419254060054,
        -0.02004433092051294,
        -0.9849986068829256
      ],
      [
        0.06728045039815381,
        0.9976970762681865,
        -0.008595638436668976
      ],
      [
        0.9829025240366295,
        -0.06479790740341344,
        0.17234807639936556
      ]
    ],
    "fx": 1159.5880733038064,
    "fy": 1164.6601287484507
  },
  {
    "id": 48,
    "img_name": "/Image Set Camera_00047",
    "width": 1959,
    "height": 1090,
    "position": [
      1.0725513262147433,
      0.24127894413510725,
      0.43584350249016685
    ],
    "rotation": [
      [
        0.19363503637191476,
        -0.016878237115275356,
        -0.98092843663599
      ],
      [
        0.06662641043765666,
        0.9977699100147305,
        -0.004015980750644363
      ],
      [
        0.9788086606285419,
        -0.06457810605055844,
        0.1943277491700109
      ]
    ],
    "fx": 1159.5880733038064,
    "fy": 1164.6601287484507
  },
  {
    "id": 49,
    "img_name": "/Image Set Camera_00048",
    "width": 1959,
    "height": 1090,
    "position": [
      1.0094233624606859,
      0.2384133823337971,
      0.5123380471100454
    ],
    "rotation": [
      [
        0.21208751127208536,
        -0.014209533412908705,
        -0.9771473669424693
      ],
      [
        0.0663095330745994,
        0.9977990940124922,
        -0.00011752139566629898
      ],
      [
        0.9749984273760864,
        -0.06476926082670127,
        0.21256295412446888
      ]
    ],
    "fx": 1159.5880733038064,
    "fy": 1164.6601287484507
  },
  {
    "id": 50,
    "img_name": "/Image Set Camera_00049",
    "width": 1959,
    "height": 1090,
    "position": [
      0.8855948052500335,
      0.23484878607036952,
      0.6571813547966291
    ],
    "rotation": [
      [
        0.24854018587588234,
        -0.009254763594127805,
        -0.9685773718994258
      ],
      [
        0.06481228227374293,
        0.9978722411090467,
        0.0070963716417104215
      ],
      [
        0.9664507975428706,
        -0.06453944355838073,
        0.24861117463606514
      ]
    ],
    "fx": 1159.5880733038064,
    "fy": 1164.6601287484507
  },
  {
    "id": 51,
    "img_name": "/Image Set Camera_00050",
    "width": 1959,
    "height": 1090,
    "position": [
      0.8533187652187966,
      0.23507680573568857,
      0.6926546518602704
    ],
    "rotation": [
      [
        0.2576491656061719,
        -0.008158399660301041,
        -0.9662040923000824
      ],
      [
        0.06443625109631404,
        0.9978834043849496,
        0.008756757262598227
      ],
      [
        0.9640875878295998,
        -0.06451474070385853,
        0.25762952320108373
      ]
    ],
    "fx": 1159.5880733038064,
    "fy": 1164.6601287484507
  },
  {
    "id": 52,
    "img_name": "/Image Set Camera_00051",
    "width": 1959,
    "height": 1090,
    "position": [
      0.7524347509859436,
      0.2313254303446406,
      0.7955144991535147
    ],
    "rotation": [
      [
        0.2841018602495251,
        -0.004776683364552818,
        -0.9587822048300616
      ],
      [
        0.06413814395955279,
        0.997842347281772,
        0.014033832713383015
      ],
      [
        0.9566464506243584,
        -0.06548154905955067,
        0.283795234703789
      ]
    ],
    "fx": 1159.5880733038064,
    "fy": 1164.6601287484507
  },
  {
    "id": 53,
    "img_name": "/Image Set Camera_00052",
    "width": 1959,
    "height": 1090,
    "position": [
      0.5704805283698933,
      0.2279663774792518,
      0.9686010935949007
    ],
    "rotation": [
      [
        0.3294612751630136,
        -0.00023812633197772273,
        -0.9441690587303797
      ],
      [
        0.0622766970825899,
        0.9978277656585283,
        0.02147936408259305
      ],
      [
        0.9421129874746683,
        -0.06587634914564762,
        0.3287604377883634
      ]
    ],
    "fx": 1159.5880733038064,
    "fy": 1164.6601287484507
  },
  {
    "id": 54,
    "img_name": "/Image Set Camera_00053",
    "width": 1959,
    "height": 1090,
    "position": [
      0.4975874902311658,
      0.22663191648067918,
      1.036880344521675
    ],
    "rotation": [
      [
        0.3469723183589942,
        0.0016455235539431273,
        -0.9378739267859076
      ],
      [
        0.061567307193919646,
        0.9978015082614442,
        0.024527877936679328
      ],
      [
        0.935852379906935,
        -0.06625286683171173,
        0.346108192129434
      ]
    ],
    "fx": 1159.5880733038064,
    "fy": 1164.6601287484507
  },
  {
    "id": 55,
    "img_name": "/Image Set Camera_00054",
    "width": 1959,
    "height": 1090,
    "position": [
      0.420331792347557,
      0.22677631256524264,
      1.1035266553595968
    ],
    "rotation": [
      [
        0.36427305598475457,
        0.0028463224556023532,
        -0.9312878390336721
      ],
      [
        0.060585880746644824,
        0.9978045437842457,
        0.02674777481710756
      ],
      [
        0.9293193701509085,
        -0.06616638762991445,
        0.3633008634868994
      ]
    ],
    "fx": 1159.5880733038064,
    "fy": 1164.6601287484507
  },
  {
    "id": 56,
    "img_name": "/Image Set Camera_00055",
    "width": 1959,
    "height": 1090,
    "position": [
      0.3078847929482986,
      0.22328084305034093,
      1.2068589073027274
    ],
    "rotation": [
      [
        0.39043298085905936,
        0.005221526926507859,
        -0.9206165451011975
      ],
      [
        0.05969950802322183,
        0.9977356192115179,
        0.03097745790723316
      ],
      [
        0.9186936683134889,
        -0.06705497605073678,
        0.38923716932936975
      ]
    ],
    "fx": 1159.5880733038064,
    "fy": 1164.6601287484507
  },
  {
    "id": 57,
    "img_name": "/Image Set Camera_00056",
    "width": 1959,
    "height": 1090,
    "position": [
      0.13827205720098146,
      0.21702497255739361,
      1.3355243056117596
    ],
    "rotation": [
      [
        0.4271324917773358,
        0.009447681620344763,
        -0.9041396882009355
      ],
      [
        0.057434651057258534,
        0.9976425526090216,
        0.03755792967785305
      ],
      [
        0.9023630618138219,
        -0.06797115958813858,
        0.4255829251018286
      ]
    ],
    "fx": 1159.5880733038064,
    "fy": 1164.6601287484507
  },
  {
    "id": 58,
    "img_name": "/Image Set Camera_00057",
    "width": 1959,
    "height": 1090,
    "position": [
      -0.03062264368160201,
      0.2101094517151667,
      1.4668201035920325
    ],
    "rotation": [
      [
        0.46684074374793094,
        0.014541213034394247,
        -0.8842218460886198
      ],
      [
        0.05367709832668283,
        0.9975553482540993,
        0.044744790589189266
      ],
      [
        0.8827108751409525,
        -0.06835115429260241,
        0.4649189505868336
      ]
    ],
    "fx": 1159.5880733038064,
    "fy": 1164.6601287484507
  },
  {
    "id": 59,
    "img_name": "/Image Set Camera_00058",
    "width": 1959,
    "height": 1090,
    "position": [
      -0.11919528371800352,
      0.2049935757944446,
      1.5341931351361802
    ],
    "rotation": [
      [
        0.489228396795792,
        0.017696090875120262,
        -0.871976160302768
      ],
      [
        0.051611884292668594,
        0.9974545572838927,
        0.049199792208441416
      ],
      [
        0.8706272389308638,
        -0.0690742681563338,
        0.48706976534197605
      ]
    ],
    "fx": 1159.5880733038064,
    "fy": 1164.6601287484507
  },
  {
    "id": 60,
    "img_name": "/Image Set Camera_00059",
    "width": 1959,
    "height": 1090,
    "position": [
      -0.31603234427389115,
      0.18667990293022807,
      1.6665004124790468
    ],
    "rotation": [
      [
        0.5359141204810861,
        0.025648169233615375,
        -0.8438828276982223
      ],
      [
        0.04779766919842568,
        0.9970136237261104,
        0.060656548893980325
      ],
      [
        0.8429184054748015,
        -0.07284233329248715,
        0.5330877565582653
      ]
    ],
    "fx": 1159.5880733038064,
    "fy": 1164.6601287484507
  },
  {
    "id": 61,
    "img_name": "/Image Set Camera_00060",
    "width": 1959,
    "height": 1090,
    "position": [
      -0.364848014444492,
      0.18241311868530158,
      1.6989762174618022
    ],
    "rotation": [
      [
        0.5476673955156106,
        0.027624938017602078,
        -0.8362399695593792
      ],
      [
        0.0465917524564015,
        0.9968970986741478,
        0.06344590812737846
      ],
      [
        0.8353978887285921,
        -0.0737091409161034,
        0.5446809433541996
      ]
    ],
    "fx": 1159.5880733038064,
    "fy": 1164.6601287484507
  },
  {
    "id": 62,
    "img_name": "/Image Set Camera_00061",
    "width": 1959,
    "height": 1090,
    "position": [
      -0.6133529772024817,
      0.15956508105050304,
      1.8524512595551557
    ],
    "rotation": [
      [
        0.607123714086895,
        0.03763900419768634,
        -0.7937153779260805
      ],
      [
        0.03902812480264077,
        0.9962594293649097,
        0.07709704842530536
      ],
      [
        0.7936482856200999,
        -0.07778466921258284,
        0.6033837451968402
      ]
    ],
    "fx": 1159.5880733038064,
    "fy": 1164.6601287484507
  },
  {
    "id": 63,
    "img_name": "/Image Set Camera_00062",
    "width": 1959,
    "height": 1090,
    "position": [
      -0.7917412490457311,
      0.13527186668382812,
      1.9499173238772376
    ],
    "rotation": [
      [
        0.6478381990923051,
        0.04574344170081059,
        -0.7604033175481308
      ],
      [
        0.0322972234452881,
        0.9956486181154641,
        0.08741120410160153
      ],
      [
        0.7610930016460302,
        -0.08118723290106178,
        0.6435418215308969
      ]
    ],
    "fx": 1159.5880733038064,
    "fy": 1164.6601287484507
  },
  {
    "id": 64,
    "img_name": "/Image Set Camera_00063",
    "width": 1959,
    "height": 1090,
    "position": [
      -0.8164187372199858,
      0.13188284451961907,
      1.9627334908545087
    ],
    "rotation": [
      [
        0.653467847942712,
        0.04701208150272174,
        -0.7554929754126785
      ],
      [
        0.031197708669917272,
        0.9955487568945216,
        0.08893467051448316
      ],
      [
        0.75631109649328,
        -0.0816855974976872,
        0.6490924344672169
      ]
    ],
    "fx": 1159.5880733038064,
    "fy": 1164.6601287484507
  },
  {
    "id": 65,
    "img_name": "/Image Set Camera_00064",
    "width": 1959,
    "height": 1090,
    "position": [
      -0.9706916332585139,
      0.10650118850981705,
      2.0402164765233595
    ],
    "rotation": [
      [
        0.6877902686980282,
        0.053982507509107755,
        -0.7238994648204428
      ],
      [
        0.024822634833877304,
        0.9948988469803854,
        0.09777587165044138
      ],
      [
        0.7254849296051561,
        -0.08521838510631805,
        0.6829417572206821
      ]
    ],
    "fx": 1159.5880733038064,
    "fy": 1164.6601287484507
  },
  {
    "id": 66,
    "img_name": "/Image Set Camera_00065",
    "width": 1959,
    "height": 1090,
    "position": [
      -1.2466819271720562,
      0.0629756864717218,
      2.1556888214527663
    ],
    "rotation": [
      [
        0.743637404821087,
        0.0666615812142432,
        -0.6652515642529342
      ],
      [
        0.011565425651203706,
        0.9935854942465583,
        0.1124904731625262
      ],
      [
        0.6684830970791,
        -0.09134604103539137,
        0.7380963688480626
      ]
    ],
    "fx": 1159.5880733038064,
    "fy": 1164.6601287484507
  },
  {
    "id": 67,
    "img_name": "/Image Set Camera_00066",
    "width": 1959,
    "height": 1090,
    "position": [
      -1.3599208432725864,
      0.04596303756293996,
      2.1928204049591384
    ],
    "rotation": [
      [
        0.7647071514218645,
        0.07095333993725485,
        -0.6404596756361841
      ],
      [
