[
  {
    "id": 1,
    "img_name": "/Image Set Camera_00001",
    "width": 1959,
    "height": 1090,
    "position": [
      3.093525439355425,
      0.5039055749311925,
      -2.973590253641297
    ],
    "rotation": [
      [
        -0.35416335805670396,
        0.3362202123150555,
        -0.8726535879951551
      ],
      [
        -0.40484879264645224,
        0.786042109859403,
        0.4671565654258626
      ],
      [
        0.8430099470959456,
        0.5187424894478929,
        -0.14226896618269874
      ]
    ],
    "fx": 1159.5880733038064,
    "fy": 1164.6601287484507
  },
  {
    "id": 2,
    "img_name": "/Image Set Camera_00002",
    "width": 1959,
    "height": 1090,
    "position": [
      3.144183890108983,
      0.46348847221482775,
      -2.857021091942319
    ],
    "rotation": [
      [
        -0.3094840836817674,
        0.33733796865862026,
        -0.8890571954879689
      ],
      [
        -0.4146812465742076,
        0.7934933233074416,
        0.4454299154818559
      ],
      [
        0.8557213715265723,
        0.5065288153380691,
        -0.10568582471123633
      ]
    ],
    "fx": 1159.5880733038064,
    "fy": 1164.6601287484507
  },
  {
    "id": 3,
    "img_name": "/Image Set Camera_00003",
    "width": 1959,
    "height": 1090,
    "position": [
      3.177100768064378,
      0.43084138918885806,
      -2.76678436485462
    ],
    "rotation": [
      [
        -0.275009548680614,
        0.33768069922751576,
        -0.9001896986211856
      ],
      [
        -0.42144666019148014,
        0.7992036426707764,
        0.42855133899593517
      ],
      [
        0.8641484020397955,
        0.49723765234641865,
        -0.07747423017423266
      ]
    ],
    "fx": 1159.5880733038064,
    "fy": 1164.6601287484507
  },
  {
    "id": 4,
    "img_name": "/Image Set Camera_00004",
    "width": 1959,
    "height": 1090,
    "position": [
      3.197114196966065,
      0.40805796858169713,
      -2.7070584894836704
    ],
    "rotation": [
      [
        -0.25206105007055785,
        0.3375690764581219,
        -0.9069246637160874
      ],
      [
        -0.4254189586683096,
        0.8031136159777229,
        0.4171657098045783
      ],
      [
        0.8691857894851357,
        0.49097417289547646,
        -0.058825376383870406
      ]
    ],
    "fx": 1159.5880733038064,
    "fy": 1164.6601287484507
  },
  {
    "id": 5,
    "img_name": "/Image Set Camera_00005",
    "width": 1959,
    "height": 1090,
    "position": [
      3.217125536954395,
      0.3871305270988794,
      -2.646718463488558
    ],
    "rotation": [
      [
        -0.229260190067744,
        0.33729606236212845,
        -0.9130559301407033
      ],
      [
        -0.4291059914381907,
        0.8069451158890911,
        0.4058418756789257
      ],
      [
        0.8736748899687738,
        0.4848411556971462,
        -0.04026462939487183
      ]
    ],
    "fx": 1159.5880733038064,
    "fy": 1164.6601287484507
  },
  {
    "id": 6,
    "img_name": "/Image Set Camera_00006",
    "width": 1959,
    "height": 1090,
    "position": [
      3.2516491423552205,
      0.3435994509355139,
      -2.5230932259944883
    ],
    "rotation": [
      [
        -0.18305398362222433,
        0.3361058967234786,
        -0.9238636616231536
      ],
      [
        -0.4356233462084917,
        0.8147169893245858,
        0.382712068720075
      ],
      [
        0.8813192039880619,
        0.47251354847622,
        -0.00272161500948316
      ]
    ],
    "fx": 1159.5880733038064,
    "fy": 1164.6601287484507
  },
  {
    "id": 7,
    "img_name": "/Image Set Camera_00007",
    "width": 1959,
    "height": 1090,
    "position": [
      3.2660415731951002,
      0.3222681435357896,
      -2.460266152439254
    ],
    "rotation": [
      [
        -0.15977798067696675,
        0.3352926160639535,
        -0.928466401386599
      ],
      [
        -0.4384291683874506,
        0.8185917532933824,
        0.37106253616763124
      ],
      [
        0.8844494678600239,
        0.4663543749693535,
        0.016209125487337505
      ]
    ],
    "fx": 1159.5880733038064,
    "fy": 1164.6601287484507
  },
  {
    "id": 8,
    "img_name": "/Image Set Camera_00008",
    "width": 1959,
    "height": 1090,
    "position": [
      3.293794843624873,
      0.2804919215476772,
      -2.3323846762770826
    ],
    "rotation": [
      [
        -0.11274237604870616,
        0.3334146157562459,
        -0.9360148773620038
      ],
      [
        -0.4431656272737207,
        0.8262624141371897,
        0.3476990793592541
      ],
      [
        0.889321867180821,
        0.4540100406205771,
        0.05460310952427647
      ]
    ],
    "fx": 1159.5880733038064,
    "fy": 1164.6601287484507
  },
  {
    "id": 9,
    "img_name": "/Image Set Camera_00009",
    "width": 1959,
    "height": 1090,
    "position": [
      3.3051092059915215,
      0.26003082274610134,
      -2.2689115003132683
    ],
    "rotation": [
      [
        -0.0894773578517377,
        0.3320937506686073,
        -0.9389928344767753
      ],
      [
        -0.4449798989662268,
        0.8301219056582041,
        0.3359918321364349
      ],
      [
        0.8910593088834652,
        0.44789659801481924,
        0.07349792880668662
      ]
    ],
    "fx": 1159.5880733038064,
    "fy": 1164.6601287484507
  },
  {
    "id": 10,
    "img_name": "/Image Set Camera_00010",
    "width": 1959,
    "height": 1090,
    "position": [
      3.318512237492616,
      0.22893241413618917,
      -2.173936548511158
    ],
    "rotation": [
      [
        -0.05482700014001378,
        0.32951730351881936,
        -0.9425562830607694
      ],
      [
        -0.4472903551304269,
        0.8358579968185167,
        0.31823379355724196
      ],
      [
        0.8927067481894284,
        0.4390441388245867,
        0.10156232520395293
      ]
    ],
    "fx": 1159.5880733038064,
    "fy": 1164.6601287484507
  },
  {
    "id": 11,
    "img_name": "/Image Set Camera_00011",
    "width": 1959,
    "height": 1090,
    "position": [
      3.329801800183471,
      0.18724547560721405,
      -2.046377854387497
    ],
    "rotation": [
      [
        -0.008785102721338284,
        0.32567239392176367,
        -0.9454418616749753
      ],
      [
        -0.44934356963862654,
        0.8433576720231747,
        0.29468320865646247
      ],
      [
        0.8933158335071603,
        0.42741704326912255,
        0.13892981223800993
      ]
    ],
    "fx": 1159.5880733038064,
    "fy": 1164.6601287484507
  },
  {
    "id": 12,
    "img_name": "/Image Set Camera_00012",
    "width": 1959,
    "height": 1090,
    "position": [
      3.3316194718223766,
      0.1663220238254844,
      -1.9822504340337643
    ],
    "rotation": [
      [
        0.014141385030500053,
        0.32369618286159185,
        -0.9460553907833589
      ],
      [
        -0.45004398880688107,
        0.8469570263624351,
        0.2830621904000837
      ],
      [
        0.8928944110969734,
        0.42176365027837126,
        0.157654666710671
      ]
    ],
    "fx": 1159.5880733038064,
    "fy": 1164.6601287484507
  },
  {
    "id": 13,
    "img_name": "/Image Set Camera_00013",
    "width": 1959,
    "height": 1090,
    "position": [
      3.331484825993694,
      0.11498145898168666,
      -1.820144638516777
    ],
    "rotation": [
      [
        0.07106028379143481,
        0.31849354151301407,
        -0.9452577955679492
      ],
      [
        -0.45020298047781304,
        0.8558794163604511,
        0.25453428260135735
      ],
      [
        0.8900942154830435,
        0.4074705985282763,
        0.20420577586991423
      ]
    ],
    "fx": 1159.5880733038064,
    "fy": 1164.6601287484507
  },
  {
    "id": 14,
    "img_name": "/Image Set Camera_00014",
    "width": 1959,
    "height": 1090,
    "position": [
      3.331529305804575,
      0.1043833229217021,
      -1.788146279991517
    ],
    "rotation": [
      [
        0.08234604958711411,
        0.31724589474451137,
        -0.94476143569959
      ],
      [
        -0.4498257491366842,
        0.8577552821456578,
        0.24882257004709976
      ],
      [
        0.8893120507060597,
        0.4044884648775259,
        0.2133381312611629
      ]
    ],
    "fx": 1159.5880733038064,
    "fy": 1164.6601287484507
  },
  {
    "id": 15,
    "img_name": "/Image Set Camera_00015",
    "width": 1959,
    "height": 1090,
    "position": [
      3.3235611461309427,
      0.07198365224748943,
      -1.6911949630633616
    ],
    "rotation": [
      [
        0.11609056567535772,
        0.313531452011612,
        -0.9424547783106973
      ],
      [
        -0.44878767733244346,
        0.863043190043549,
        0.23183199260241283
      ],
      [
        0.8860657996084297,
        0.39604858378606134,
        0.24090022425338067
      ]
    ],
    "fx": 1159.5880733038064,
    "fy": 1164.6601287484507
  },
  {
    "id": 16,
    "img_name": "/Image Set Camera_00016",
    "width": 1959,
    "height": 1090,
    "position": [
      3.3064223303117153,
      0.029011971695418998,
      -1.5633882631158782
    ],
    "rotation": [
      [
        0.1610454734262457,
        0.30740632143805896,
        -0.9378516455329368
      ],
      [
        -0.4463027578692918,
        0.8702290211841304,
        0.20860320948435784
      ],
      [
        0.8802716647758126,
        0.3849711732439604,
        0.27734273375011637
      ]
    ],
    "fx": 1159.5880733038064,
    "fy": 1164.6601287484507
  },
  {
    "id": 17,
    "img_name": "/Image Set Camera_00017",
    "width": 1959,
    "height": 1090,
    "position": [
      3.296595232498086,
      0.008995638800601724,
      -1.499191390735612
    ],
    "rotation": [
      [
        0.18329136090912682,
        0.3041272356226877,
        -0.9348320178345317
      ],
      [
        -0.444732408997773,
        0.8737192935030366,
        0.1970474068532547
      ],
      [
        0.8767082532993047,
        0.37963300793405297,
        0.2954004364990436
      ]
    ],
    "fx": 1159.5880733038064,
    "fy": 1164.6601287484507
  },
  {
    "id": 18,
    "img_name": "/Image Set Camera_00018",
    "width": 1959,
    "height": 1090,
    "position": [
      3.270094431136456,
      -0.031681314506946834,
      -1.372904240239252
    ],
    "rotation": [
      [
        0.22743613128209558,
        0.2966533763391368,
        -0.9275071862223083
      ],
      [
        -0.440772248087841,
        0.8806735277804182,
        0.17359136724613827
      ],
      [
        0.8683274909289836,
        0.3693384785984034,
        0.33105355567278316
      ]
    ],
    "fx": 1159.5880733038064,
    "fy": 1164.6601287484507
  },
  {
    "id": 19,
    "img_name": "/Image Set Camera_00019",
    "width": 1959,
    "height": 1090,
    "position": [
      3.2535790364584933,
      -0.05212701029367925,
      -1.3099231013008024
    ],
    "rotation": [
      [
        0.24952312551495087,
        0.29256060440983406,
        -0.9231178161971539
      ],
      [
        -0.4382722992843047,
        0.8841688054725076,
        0.16174954438689393
      ],
      [
        0.8635135213262726,
        0.36421671594899585,
        0.34884177259902455
      ]
    ],
    "fx": 1159.5880733038064,
    "fy": 1164.6601287484507
  },
  {
    "id": 20,
    "img_name": "/Image Set Camera_00020",
    "width": 1959,
    "height": 1090,
    "position": [
      3.224502310421198,
      -0.08354878019977521,
      -1.2170177737025492
    ],
    "rotation": [
      [
        0.28256945858235344,
        0.28607331998238206,
        -0.9155962847624127
      ],
      [
        -0.4342058266796786,
        0.8892555730199297,
        0.1438395840177982
      ],
      [
        0.8553477662061746,
        0.35691256835148566,
        0.3754911682035325
      ]
    ],
    "fx": 1159.5880733038064,
    "fy": 1164.6601287484507
  },
  {
    "id": 21,
    "img_name": "/Image Set Camera_00021",
    "width": 1959,
    "height": 1090,
    "position": [
      3.1824771616080723,
      -0.1231896643811467,
      -1.0926123158764347
    ],
    "rotation": [
      [
        0.3262261217187685,
        0.27672578789805496,
        -0.9038801667370138
      ],
      [
        -0.42774239139618475,
        0.8959122885108106,
        0.1199067049751392
      ],
      [
        0.8429786261293962,
        0.3475111647235563,
        0.4106373415575757
      ]
    ],
    "fx": 1159.5880733038064,
    "fy": 1164.6601287484507
  },
  {
    "id": 22,
    "img_name": "/Image Set Camera_00022",
    "width": 1959,
    "height": 1090,
    "position": [
      3.1587741010343455,
      -0.14333973646254738,
      -1.030588046801867
    ],
    "rotation": [
      [
        0.3478512594815717,
        0.27173910524504324,
        -0.897305611237168
      ],
      [
        -0.42395932127547636,
        0.8992228107427122,
        0.10796680297023628
      ],
      [
        0.8362164762671934,
        0.3428646895213908,
        0.4280021138951051
      ]
    ],
    "fx": 1159.5880733038064,
    "fy": 1164.6601287484507
  },
  {
    "id": 23,
    "img_name": "/Image Set Camera_00023",
    "width": 1959,
    "height": 1090,
    "position": [
      3.097503278692844,
      -0.18780059927277137,
      -0.8755870781989029
    ],
    "rotation": [
      [
        0.40093982822877805,
        0.25797062907998836,
        -0.8790326550657563
      ],
      [
        -0.41320585507094826,
        0.9073082055474709,
        0.07779936684391925
      ],
      [
        0.817623492492091,
        0.3320285750930231,
        0.47037097045495085
      ]
    ],
    "fx": 1159.5880733038064,
    "fy": 1164.6601287484507
  },
  {
    "id": 24,
    "img_name": "/Image Set Camera_00024",
    "width": 1959,
    "height": 1090,
    "position": [
      3.0816946900486792,
      -0.19694432464725253,
      -0.8091217936755991
    ],
    "rotation": [
      [
        0.42182988565541324,
        0.25186543406902084,
        -0.8709898683045427
      ],
      [
        -0.4083820575201432,
        0.9104584202945509,
        0.06549473269176048
      ],
      [
        0.8094959188677577,
        0.3280689988950106,
        0.4869158955101693
      ]
    ],
    "fx": 1159.5880733038064,
    "fy": 1164.6601287484507
  },
  {
    "id": 25,
    "img_name": "/Image Set Camera_00025",
    "width": 1959,
    "height": 1090,
    "position": [
      3.1364108380300815,
      -0.13310992588179707,
      -0.7182936350211427
    ],
    "rotation": [
      [
        0.4408054840432586,
        0.24437666769050154,
        -0.8636958779141387
      ],
      [
        -0.4054208414202286,
        0.9126882433120819,
        0.051323599464766584
      ],
      [
        0.8008273637804233,
        0.3275365854502244,
        0.5013933771123283
      ]
    ],
    "fx": 1159.5880733038064,
    "fy": 1164.6601287484507
  },
  {
    "id": 26,
    "img_name": "/Image Set Camera_00026",
    "width": 1959,
    "height": 1090,
    "position": [
      3.0754589844123563,
      -0.16570104547514194,
      -0.5749001213250238
    ],
    "rotation": [
      [
        0.4819707822933323,
        0.23201224431538867,
        -0.8449109322900784
      ],
      [
        -0.39390753616677054,
        0.9187360726658097,
        0.02758408478866911
      ],
      [
        0.7826499971037997,
        0.3195220606943135,
        0.5341953151826416
      ]
    ],
    "fx": 1159.5880733038064,
    "fy": 1164.6601287484507
  },
  {
    "id": 27,
    "img_name": "/Image Set Camera_00027",
    "width": 1959,
    "height": 1090,
    "position": [
      3.0421435059614117,
      -0.18307271461333208,
      -0.5040248557887581
    ],
    "rotation": [
      [
        0.5022001935969637,
        0.22564484770379623,
        -0.8347930092279778
      ],
      [
        -0.38762175367869967,
        0.9216806440760801,
        0.01594259735902004
      ],
      [
        0.7730099233685307,
        0.3155775547155294,
        0.5503330494650901
      ]
    ],
    "fx": 1159.5880733038064,
    "fy": 1164.6601287484507
  },
  {
    "id": 28,
    "img_name": "/Image Set Camera_00028",
    "width": 1959,
    "height": 1090,
    "position": [
      2.9737759086346154,
      -0.2160802900667086,
      -0.36430312624239725
    ],
    "rotation": [
      [
        0.5414744288101166,
        0.21295090160587235,
        -0.8133002867637537
      ],
      [
        -0.3742593365314135,
        0.9273021900919465,
        -0.0063715986805321645
      ],
      [
        0.7528182994347468,
        0.30783528348115924,
        0.581809286863187
      ]
    ],
    "fx": 1159.5880733038064,
    "fy": 1164.6601287484507
  },
  {
    "id": 29,
    "img_name": "/Image Set Camera_00029",
    "width": 1959,
    "height": 1090,
    "position": [
      2.945255582685809,
      -0.22447132837470696,
      -0.28853998244811785
    ],
    "rotation": [
      [
        0.5606648793372021,
        0.20661208016297353,
        -0.8018518201067637
      ],
      [
        -0.367317851295607,
        0.9299360949847972,
        -0.017217879195899483
      ],
      [
        0.7421135285098762,
        0.3041879477808995,
        0.5972748138231394
      ]
    ],
    "fx": 1159.5880733038064,
    "fy": 1164.6601287484507
  },
  {
    "id": 30,
    "img_name": "/Image Set Camera_00030",
    "width": 1959,
    "height": 1090,
    "position": [
      2.888205459335809,
      -0.2484435935973063,
      -0.18098467087359693
    ],
    "rotation": [
      [
        0.589266963444395,
        0.19718281845289734,
        -0.7835071039243956
      ],
      [
        -0.3559035483195867,
        0.9339530004919361,
        -0.032626019763944414
      ],
      [
        0.725325520084982,
        0.29807839401587194,
        0.6205257133547077
      ]
    ],
    "fx": 1159.5880733038064,
    "fy": 1164.6601287484507
  },
  {
    "id": 31,
    "img_name": "/Image Set Camera_00031",
    "width": 1959,
    "height": 1090,
    "position": [
      2.826861813092236,
      -0.2704967465792182,
      -0.07416126357970275
    ],
    "rotation": [
      [
        0.6171910501158836,
        0.18749175945611235,
        -0.7641479227171295
      ],
      [
        -0.34408143513667355,
        0.9377207866676122,
        -0.04782982590143489
      ],
      [
        0.7075896930079889,
        0.2924492543801843,
        0.6432653107088352
      ]
    ],
    "fx": 1159.5880733038064,
    "fy": 1164.6601287484507
  },
  {
    "id": 32,
    "img_name": "/Image Set Camera_00032",
    "width": 1959,
    "height": 1090,
    "position": [
      2.7401616584822266,
      -0.29455999213446876,
      0.07535278962642825
    ],
    "rotation": [
      [
        0.6538418286185369,
        0.17448615668880826,
        -0.7362373559340334
      ],
      [
        -0.32745313328307096,
        0.9424570957724663,
        -0.06744677999154411
      ],
      [
        0.6821035908510285,
        0.2851827550047461,
        0.6733539096166561
      ]
    ],
    "fx": 1159.5880733038064,
    "fy": 1164.6601287484507
  },
  {
    "id": 33,
    "img_name": "/Image Set Camera_00033",
    "width": 1959,
    "height": 1090,
    "position": [
      2.645398858973783,
      -0.31641227761080115,
      0.22277394107273296
    ],
    "rotation": [
      [
        0.6887651292194997,
        0.1613604478112844,
        -0.7067994076492902
      ],
      [
        -0.3101790812856954,
        0.9467694142404184,
        -0.08611976423340388
      ],
      [
        0.6552797374434889,
        0.2785506814585038,
        0.7021523933983245
      ]
    ],
    "fx": 1159.5880733038064,
    "fy": 1164.6601287484507
  },
  {
    "id": 34,
    "img_name": "/Image Set Camera_00034",
    "width": 1959,
    "height": 1090,
    "position": [
      2.595978001932048,
      -0.32664770259660714,
      0.29637847128554706
    ],
    "rotation": [
      [
        0.7055113591485807,
        0.15468853626896786,
        -0.6916105687880187
      ],
      [
        -0.3012711870955643,
        0.9487825246008861,
        -0.09511778402590314
      ],
      [
        0.6414743907112365,
        0.2754690141539209,
        0.71598004741942
      ]
    ],
    "fx": 1159.5880733038064,
    "fy": 1164.6601287484507
  },
  {
    "id": 35,
    "img_name": "/Image Set Camera_00035",
    "width": 1959,
    "height": 1090,
    "position": [
      2.5402903018229357,
      -0.34070792674054,
      0.36548242825295885
    ],
    "rotation": [
      [
        0.7219221399962825,
        0.14797846488858493,
        -0.6759665655285072
      ],
      [
        -0.2920585734327754,
        0.9507529987144278,
        -0.10378114048291984
      ],
      [
        0.6273198653538719,
        0.27234373384519284,
        0.7295880187939346
      ]
    ],
    "fx": 1159.5880733038064,
    "fy": 1164.6601287484507
  },
  {
    "id": 36,
    "img_name": "/Image Set Camera_00036",
    "width": 1959,
    "height": 1090,
    "position": [
      2.422066745397811,
      -0.3637118152409992,
      0.5032799697111173
    ],
    "rotation": [
      [
        0.7538721345140011,
        0.13386931726662477,
        -0.6432385332812949
      ],
      [
        -0.27271324736720204,
        0.9544588187155288,
        -0.12097870922849341
      ],
      [
        0.5977493534197582,
        0.266622146999691,
        0.7560478432053993
      ]
    ],
    "fx": 1159.5880733038064,
    "fy": 1164.6601287484507
  },
  {
    "id": 37,
    "img_name": "/Image Set Camera_00037",
    "width": 1959,
    "height": 1090,
    "position": [
      2.3598958499082885,
      -0.3758745721854943,
      0.5697421424475906
    ],
    "rotation": [
      [
        0.7693722886073848,
        0.1268465076426859,
        -0.6260800627890086
      ],
      [
        -0.2627081635862704,
        0.9561989302155719,
        -0.12910471191914386
      ],
      [
        0.5822806044409897,
        0.2638059312325062,
        0.7689965723840294
      ]
    ],
    "fx": 1159.5880733038064,
    "fy": 1164.6601287484507
  },
  {
    "id": 38,
    "img_name": "/Image Set Camera_00038",
    "width": 1959,
    "height": 1090,
    "position": [
      2.2255878944668415,
      -0.4017557905139165,
      0.6905504659415886
    ],
    "rotation": [
      [
        0.7991685692171723,
        0.11235134331807094,
        -0.5905139910535588
      ],
      [
        -0.24193137049252456,
        0.9594163335415656,
        -0.14487757212649632
      ],
      [
        0.5502715783565297,
        0.2586454611785876,
        0.7939166930256154
      ]
    ],
    "fx": 1159.5880733038064,
    "fy": 1164.6601287484507
  },
  {
    "id": 39,
    "img_name": "/Image Set Camera_00039",
    "width": 1959,
    "height": 1090,
    "position": [
      2.1612353649849987,
      -0.40864885478491114,
      0.7551772522316058
    ],
    "rotation": [
      [
        0.8133866468037726,
        0.10469401213245026,
        -0.5722248916509358
      ],
      [
        -0.23120769912449718,
        0.9608212640225927,
        -0.1528577720221755
      ],
      [
        0.5338025502626143,
        0.2566352712033904,
        0.805725247778355
      ]
    ],
    "fx": 1159.5880733038064,
    "fy": 1164.6601287484507
  },
  {
    "id": 40,
    "img_name": "/Image Set Camera_00040",
    "width": 1959,
    "height": 1090,
    "position": [
      1.9853039450913772,
      -0.4299680553398017,
      0.8995885809337607
    ],
    "rotation": [
      [
        0.8471969557829371,
        0.08524625475368827,
        -0.5243952651984888
      ],
      [
        -0.20311066844860376,
        0.9640329193679591,
        -0.17142516366406496
      ],
      [
        0.49092094523913465,
        0.2517411496465355,
        0.8340401783488343
      ]
    ],
    "fx": 1159.5880733038064,
    "fy": 1164.6601287484507
  },
  {
    "id": 41,
    "img_name": "/Image Set Camera_00041",
    "width": 1959,
    "height": 1090,
    "position": [
      1.9485343328353544,
      -0.4328101387944499,
      0.928587923147587
    ],
    "rotation": [
      [
        0.8536322704667366,
        0.08135420910946813,
        -0.5144836629845277
      ],
      [
        -0.1974503760903384,
        0.9645504858208724,
        -0.1750877188283144
      ],
      [
        0.48200134418856977,
        0.2510455197028855,
        0.8394348403762617
      ]
    ],
    "fx": 1159.5880733038064,
    "fy": 1164.6601287484507
  },
  {
    "id": 42,
    "img_name": "/Image Set Camera_00042",
    "width": 1959,
    "height": 1090,
    "position": [
      1.7960064088624104,
      -0.44825683922906445,
      1.0397039872734781
    ],
    "rotation": [
      [
        0.8782359039521528,
        0.06625989678469246,
        -0.4736151634897546
      ],
      [
        -0.17423435563049086,
        0.9666193954973504,
        -0.1878545542869921
      ],
      [
        0.44535837965325487,
        0.24750064712323228,
        0.8604646090027228
      ]
    ],
    "fx": 1159.5880733038064,
    "fy": 1164.6601287484507
  },
  {
    "id": 43,
    "img_name": "/Image Set Camera_00043",
    "width": 1959,
    "height": 1090,
    "position": [
      1.716050261849115,
      -0.45763955380751686,
      1.085441764590903
    ],
    "rotation": [
      [
        0.8898777960802366,
        0.05871825486341206,
        -0.4524043264483401
      ],
      [
        -0.16239405678375798,
        0.9674957883442402,
        -0.19385579655370308
      ],
      [
        0.42631640639869167,
        0.24597574287305754,
        0.8704885154632156
      ]
    ],
    "fx": 1159.5880733038064,
    "fy": 1164.6601287484507
  },
  {
    "id": 44,
    "img_name": "/Image Set Camera_00044",
    "width": 1959,
    "height": 1090,
    "position": [
      1.555568341971919,
      -0.4666947549698826,
      1.1854687222474616
    ],
    "rotation": [
      [
        0.9116141039716406,
        0.04364984549947519,
        -0.4087229091057348
      ],
      [
        -0.13842010104760802,
        0.9688694212330965,
        -0.20526061537814444
      ],
      [
        0.3870395342415976,
        0.24369393834750283,
        0.8892770453276811
      ]
    ],
    "fx": 1159.5880733038064,
    "fy": 1164.6601287484507
  },
  {
    "id": 45,
    "img_name": "/Image Set Camera_00045",
    "width": 1959,
    "height": 1090,
    "position": [
      1.4718144173172711,
      -0.47172950772709255,
      1.228343039942883
    ],
    "rotation": [
      [
        0.9215101382496083,
        0.036205258990035585,
        -0.38666295959744085
      ],
      [
        -0.12639528371031153,
        0.9693970430186727,
        -0.2104604600452154
      ],
      [
        0.36721015421550857,
        0.24281382211092986,
        0.8978853771127493
      ]
    ],
    "fx": 1159.5880733038064,
    "fy": 1164.6601287484507
  },
  {
    "id": 46,
    "img_name": "/Image Set Camera_00046",
    "width": 1959,
    "height": 1090,
    "position": [
      1.305849456520832,
      -0.4798981606471407,
      1.3121359462470943
    ],
    "rotation": [
      [
        0.9393840272190835,
        0.02182847184345166,
        -0.3421712542319063
      ],
      [
        -0.10256770208036978,
        0.9701618303816342,
        -0.21969499166005116
      ],
      [
        0.3271658843700069,
        0.24147368529000646,
        0.9135934234750458
      ]
    ],
    "fx": 1159.5880733038064,
    "fy": 1164.6601287484507
  },
  {
    "id": 47,
    "img_name": "/Image Set Camera_00047",
    "width": 1959,
    "height": 1090,
    "position": [
      1.13119576403181,
      -0.4900231892706043,
      1.3811050344777105
    ],
    "rotation": [
      [
        0.9551350862275922,
        0.007189348671200453,
        -0.2960832320863405
      ],
      [
        -0.07791976829802089,
        0.9705866003962978,
        -0.22779411941386887
      ],
      [
        0.28573672631531394,
        0.2406448927296009,
        0.9276015086435372
      ]
    ],
    "fx": 1159.5880733038064,
    "fy": 1164.6601287484507
  },
  {
    "id": 48,
    "img_name": "/Image Set Camera_00048",
    "width": 1959,
    "height": 1090,
    "position": [
      1.0427942770422982,
      -0.4911757326485729,
      1.4161426686035872
    ],
    "rotation": [
      [
        0.9620157252571283,
        1.3829701290309608e-05,
        -0.27299403687029616
      ],
      [
        -0.06568759541594496,
        0.9706313319595403,
        -0.2314302426799912
      ],
      [
        0.2649733650133016,
        0.24057185460312655,
        0.9337635132121729
      ]
    ],
    "fx": 1159.5880733038064,
    "fy": 1164.6601287484507
  },
  {
    "id": 49,
    "img_name": "/Image Set Camera_00049",
    "width": 1959,
    "height": 1090,
    "position": [
      0.9530802374012686,
      -0.49378722562139366,
      1.4481364188372579
    ],
    "rotation": [
      [
        0.968320510063555,
        -0.007214315349351854,
        -0.2496063770104778
      ],
      [
        -0.05323078883964649,
        0.9706437871598226,
        -0.23455728845539217
      ],
      [
        0.2439710493270987,
        0.24041337754392367,
        0.9395102633756361
      ]
    ],
    "fx": 1159.5880733038064,
    "fy": 1164.6601287484507
  },
  {
    "id": 50,
    "img_name": "/Image Set Camera_00050",
    "width": 1959,
    "height": 1090,
    "position": [
      0.8142363496755288,
      -0.4949832257856973,
      1.4957341980629408
    ],
    "rotation": [
      [
        0.9767517371474537,
        -0.018355823382729643,
        -0.2135863004206347
      ],
      [
        -0.03402661628104579,
        0.9704216794062496,
        -0.2390061788381559
      ],
      [
        0.21165593155849438,
        0.2407173194564449,
        0.9472364745668369
      ]
    ],
    "fx": 1159.5880733038064,
    "fy": 1164.6601287484507
  },
  {
    "id": 51,
    "img_name": "/Image Set Camera_00051",
    "width": 1959,
    "height": 1090,
    "position": [
      0.5790052334776026,
      -0.4954162308117299,
      1.5709247718317723
    ],
    "rotation": [
      [
        0.9875971631172554,
        -0.03654156556986839,
        -0.15269760112212635
      ],
      [
        -0.0018605762391831829,
        0.969748069772493,
        -0.24410083864784746
      ],
      [
        0.15699803074818225,
        0.2413574012915852,
        0.9576524542771064
      ]
    ],
    "fx": 1159.5880733038064,
    "fy": 1164.6601287484507
  },
  {
    "id": 52,
    "img_name": "/Image Set Camera_00052",
    "width": 1959,
    "height": 1090,
    "position": [
      0.48297873092957283,
      -0.4897404655458051,
      1.6048646052577304
    ],
    "rotation": [
      [
        0.9908257004841364,
        -0.043552141726723344,
        -0.1279360864304356
      ],
      [
        0.010874021074112013,
        0.9692734722921534,
        -0.24574517609994223
      ],
      [
        0.13470778346406065,
        0.24209945654983872,
        0.9608546540515233
      ]
    ],
    "fx": 1159.5880733038064,
    "fy": 1164.6601287484507
  },
  {
    "id": 53,
    "img_name": "/Image Set Camera_00053",
    "width": 1959,
    "height": 1090,
    "position": [
      0.2866481815401784,
      -0.4837610314595584,
      1.6525440905537236
    ],
    "rotation": [
      [
        0.9952627731841907,
        -0.057845440379171865,
        -0.07814036947093324
      ],
      [
        0.03679073182204011,
        0.968053824708735,
        -0.2480286969662757
      ],
      [
        0.08999141273317697,
        0.24397888739423657,
        0.9655961102552959
      ]
    ],
    "fx": 1159.5880733038064,
    "fy": 1164.6601287484507
  },
  {
    "id": 54,
    "img_name": "/Image Set Camera_00054",
    "width": 1959,
    "height": 1090,
    "position": [
      0.1857405766271045,
      -0.48106674985394604,
      1.670705044687609
    ],
    "rotation": [
      [
        0.9964832692405353,
        -0.0649672055999664,
        -0.05291839302384946
      ],
      [
        0.04985982026675886,
        0.9673064999668375,
        -0.2486606793300324
      ],
      [
        0.06734309501843086,
        0.24514770510538825,
        0.9671439966390218
      ]
    ],
    "fx": 1159.5880733038064,
    "fy": 1164.6601287484507
  },
  {
    "id": 55,
    "img_name": "/Image Set Camera_00055",
    "width": 1959,
    "height": 1090,
    "position": [
      -0.021819015832202318,
      -0.471681773533773,
      1.6959269897167777
    ],
    "rotation": [
      [
        0.996851481288165,
        -0.07925944766025282,
        -0.0022503800085397693
      ],
      [
        0.07619869794569045,
        0.9654334414892822,
        -0.24926297054625282
      ],
      [
        0.02192903748395309,
        0.2483066853927866,
        0.9684332229453279
      ]
    ],
    "fx": 1159.5880733038064,
    "fy": 1164.6601287484507
  },
  {
    "id": 56,
    "img_name": "/Image Set Camera_00056",
    "width": 1959,
    "height": 1090,
    "position": [
      -0.1274607897522029,
      -0.4650027455241307,
      1.7125390983143434
    ],
    "rotation": [
      [
        0.9959886732434136,
        -0.08641153210345935,
        0.023229504737673826
      ],
      [
        0.08947491889185172,
        0.9643900211136329,
        -0.24888978698561134
      ],
      [
        -0.0008953547460941833,
        0.24996986677593613,
        0.9682532024444326
      ]
    ],
    "fx": 1159.5880733038064,
    "fy": 1164.6601287484507
  },
  {
    "id": 57,
    "img_name": "/Image Set Camera_00057",
    "width": 1959,
    "height": 1090,
    "position": [
      -0.34177053807185453,
      -0.44700116004369506,
      1.7378389214640895
    ],
    "rotation": [
      [
        0.9922024766415429,
        -0.10025896418537768,
        0.07404313234097812
      ],
      [
        0.1156652977262345,
        0.9619980096685351,
        -0.24734867757010276
      ],
      [
        -0.046430423735843426,
        0.25398419142586864,
        0.966093290659581
      ]
    ],
    "fx": 1159.5880733038064,
    "fy": 1164.6601287484507
  },
  {
    "id": 58,
    "img_name": "/Image Set Camera_00058",
    "width": 1959,
    "height": 1090,
    "position": [
      -0.4494463353751663,
      -0.43868652811430514,
      1.7444753520388863
    ],
    "rotation": [
      [
        0.98928191336513,
        -0.10691782601098011,
        0.09944784748657484
      ],
      [
        0.12856632081995972,
        0.9606781551888579,
        -0.2461060407502261
      ],
      [
        -0.06922425181572175,
        0.2562538987489138,
        0.964127555013617
      ]
    ],
    "fx": 1159.5880733038064,
    "fy": 1164.6601287484507
  },
  {
    "id": 59,
    "img_name": "/Image Set Camera_00059",
    "width": 1959,
    "height": 1090,
    "position": [
      -0.5575651887265822,
      -0.4290261818089882,
      1.750334402191448
    ],
    "rotation": [
      [
        0.9856866253158123,
        -0.11344876839499439,
        0.12470466560311363
      ],
      [
        0.14134526187453725,
        0.959288499697097,
        -0.2445139899770794
      ],
      [
        -0.09188794055339339,
        0.25864058323966044,
        0.9615932898488343
      ]
    ],
    "fx": 1159.5880733038064,
    "fy": 1164.6601287484507
  },
  {
    "id": 60,
    "img_name": "/Image Set Camera_00060",
    "width": 1959,
    "height": 1090,
    "position": [
      -0.8293283269413184,
      -0.404048392081086,
      1.7549600699948884
    ],
    "rotation": [
      [
        0.9738925919656838,
        -0.1289536891705861,
        0.18682656493030708
      ],
      [
        0.1723875931004008,
        0.9555819534389061,
        -0.2390515593066379
      ],
      [
        -0.14770151339581133,
        0.26501712456213133,
        0.9528642015677821
      ]
    ],
    "fx": 1159.5880733038064,
    "fy": 1164.6601287484507
  },
  {
    "id": 61,
    "img_name": "/Image Set Camera_00061",
    "width": 1959,
    "height": 1090,
    "position": [
      -0.9964710092981763,
      -0.3799660131754713,
      1.7595917411583601
    ],
    "rotation": [
      [
        0.9649324881160963,
        -0.137587497977293,
        0.22355083041319296
      ],
      [
        0.19040606597259457,
        0.9530968406721558,
        -0.23526993505672417
      ],
      [
        -0.1806953884827162,
        0.26958503797707994,
        0.9458716001022425
      ]
    ],
    "fx": 1159.5880733038064,
    "fy": 1164.6601287484507
  },
  {
    "id": 62,
    "img_name": "/Image Set Camera_00062",
    "width": 1959,
    "height": 1090,
    "position": [
      -1.1049037616810722,
      -0.36781349867755453,
      1.7521117441888447
    ],
    "rotation": [
      [
        0.9581986970755765,
        -0.14333547471453414,
        0.24760896310720776
      ],
      [
        0.20235049451832532,
        0.9513530591705144,
        -0.23233948044853028
      ],
      [
        -0.20226105480506282,
        0.2727311835769114,
        0.9405892659465556
      ]
    ],
    "fx": 1159.5880733038064,
    "fy": 1164.6601287484507
  },
  {
    "id": 63,
    "img_name": "/Image Set Camera_00063",
    "width": 1959,
    "height": 1090,
    "position": [
      -1.3277974514301691,
      -0.33582252070019714,
      1.7378919019058074
    ],
    "rotation": [
      [
        0.9427119243869243,
        -0.15454458189124232,
        0.2956521601929588
      ],
      [
        0.22604951887735697,
        0.9476787332213222,
        -0.22540326886570558
      ],
      [
        -0.24534841070204091,
        0.2793223779221622,
        0.9283227706772529
      ]
    ],
    "fx": 1159.5880733038064,
    "fy": 1164.6601287484507
  },
  {
    "id": 64,
    "img_name": "/Image Set Camera_00064",
    "width": 1959,
    "height": 1090,
    "position": [
      -1.5263291636903766,
      -0.30005719341292775,
      1.7250675338895132
    ],
    "rotation": [
      [
        0.9271982419109185,
        -0.1634278463967981,
        0.3370382162595313
      ],
      [
        0.24593308656229418,
        0.9442958869071278,
        -0.2186828637644565
      ],
      [
        -0.2825249318754809,
        0.2856512156326055,
        0.9157418008785935
      ]
    ],
    "fx": 1159.5880733038064,
    "fy": 1164.6601287484507
  },
  {
    "id": 65,
    "img_name": "/Image Set Camera_00065",
    "width": 1959,
    "height": 1090,
    "position": [
      -1.6696019848274435,
      -0.27532279846659086,
      1.7099073611831341
    ],
    "rotation": [
      [
        0.9149200833868839,
        -0.16938963907245674,
        0.3663719301341743
      ],
      [
        0.2597211020784098,
        0.9418734953525805,
        -0.2131179670686842
      ],
      [
        -0.308976034912926,
        0.2901404296667656,
        0.9057330406484413
      ]
    ],
    "fx": 1159.5880733038064,
    "fy": 1164.6601287484507
  },
  {
    "id": 66,
    "img_name": "/Image Set Camera_00066",
    "width": 1959,
    "height": 1090,
    "position": [
      -1.7862081061326334,
      -0.2553560326690904,
      1.697391168588168
    ],
    "rotation": [
      [
        0.9044418831360673,
        -0.1741540791424837,
        0.3894293732467001
      ],
      [
        0.27064517826568907,
        0.9398849971251769,
        -0.20824836052305296
      ],
      [
        -0.32975152389460993,
        0.2937457214957174,
        0.8972053185264468
      ]
    ],
    "fx": 1159.5880733038064,
    "fy": 1164.6601287484507
  },
  {
    "id": 67,
    "img_name": "/Image Set Camera_00067",
    "width": 1959,
    "height": 1090,
    "position": [
      -2.014664441105006,
      -0.21536637583882728,
      1.6550991487639
    ],
    "rotation": [
      [
        0.8820358661787863,
        -0.18307654002296178,
        0.4341609278452625
      ],
      [
        0.2915970550561322,
        0.9358736627566949,
        -0.19776664238682679
      ],
      [
        -0.3701133451482523,
        0.30103731969905145,
        0.8788587166840764
      ]
    ],
    "fx": 1159.5880733038064,
