[
  {
    "id": 0,
    "img_name": "/Default Camera_00000",
    "width": 1959,
    "height": 1090,
    "position": [
      -0.5465083419421249,
      0.04686725660846773,
      3.3218794071302575
    ],
    "rotation": [
      [
        0.9867356066858456,
        0.0,
        0.16233558605036763
      ],
      [
        0.002259738176504188,
        0.9999031098064751,
        -0.013735522658920887
      ],
      [
        -0.16231985732401924,
        0.013920165205200676,
        0.9866400016819559
      ]
    ],
    "fx": 1159.5880733038064,
    "fy": 1164.6601287484507
  },
  {
    "id": 1,
    "img_name": "/Image Set Camera_00000",
    "width": 1959,
    "height": 1090,
    "position": [
      0.4241125576653153,
      -0.7646969448160883,
      6.876395106296076
    ],
    "rotation": [
      [
        0.9916921018231201,
        0.07909063799726565,
        -0.10144676516689843
      ],
      [
        -0.07418445640304637,
        0.995926172796567,
        0.05126133793578741
      ],
      [
        0.10508778049719611,
        -0.0433096908320524,
        0.9935194155476808
      ]
    ],
    "fx": 1159.5880733038064,
    "fy": 1164.6601287484507
  },
  {
    "id": 2,
    "img_name": "/Image Set Camera_00001",
    "width": 1959,
    "height": 1090,
    "position": [
      0.3897960227543979,
      -0.7593023860756742,
      6.809155974964255
    ],
    "rotation": [
      [
        0.9923122056392402,
        0.07797080311591285,
        -0.09610952294567776
      ],
      [
        -0.07324497001280134,
        0.9959698824742256,
        0.0517606759239202
      ],
      [
        0.09975801174447112,
        -0.04432321136534237,
        0.9940240399643527
      ]
    ],
    "fx": 1159.5880733038064,
    "fy": 1164.6601287484507
  },
  {
    "id": 3,
    "img_name": "/Image Set Camera_00002",
    "width": 1959,
    "height": 1090,
    "position": [
      0.3726920878664295,
      -0.755304555356265,
      6.760545748840001
    ],
    "rotation": [
      [
        0.9926303861404291,
        0.07731943919416248,
        -0.09330927517349434
      ],
      [
        -0.07268762155840892,
        0.9959950270901216,
        0.05206165271992129
      ],
      [
        0.09696095184600964,
        -0.04489554916078399,
        0.9942750944696681
      ]
    ],
    "fx": 1159.5880733038064,
    "fy": 1164.6601287484507
  },
  {
    "id": 4,
    "img_name": "/Image Set Camera_00003",
    "width": 1959,
    "height": 1090,
    "position": [
      0.34570589601496166,
      -0.7466872425822951,
      6.680886691889645
    ],
    "rotation": [
      [
        0.9931253434643083,
        0.0762398208895554,
        -0.08882309316629407
      ],
      [
        -0.07177237860422676,
        0.9960408830687474,
        0.05245269225808472
      ],
      [
        0.09247041601718452,
        -0.04571705334290829,
        0.9946653573917463
      ]
    ],
    "fx": 1159.5880733038064,
    "fy": 1164.6601287484507
  },
  {
    "id": 5,
    "img_name": "/Image Set Camera_00004",
    "width": 1959,
    "height": 1090,
    "position": [
      0.31223392539938766,
      -0.7280219537810713,
      6.531518982341165
    ],
    "rotation": [
      [
        0.9937253722036093,
        0.07471980951379453,
        -0.08322760782949522
      ],
      [
        -0.07049361385273839,
        0.9961237305054725,
        0.05261334364818183
      ],
      [
        0.08683625420743922,
        -0.04641619965144631,
        0.9951406942564142
      ]
    ],
    "fx": 1159.5880733038064,
    "fy": 1164.6601287484507
  },
  {
    "id": 6,
    "img_name": "/Image Set Camera_00005",
    "width": 1959,
    "height": 1090,
    "position": [
      0.30225663254756197,
      -0.7208734246049562,
      6.47863416615205
    ],
    "rotation": [
      [
        0.9939043240309076,
        0.07424449508915378,
        -0.08149815716702698
      ],
      [
        -0.0701010084831825,
        0.9961531831929894,
        0.052580264587726265
      ],
      [
        0.08508844388226632,
        -0.04654664932550084,
        0.9952855701527392
      ]
    ],
    "fx": 1159.5880733038064,
    "fy": 1164.6601287484507
  },
  {
    "id": 7,
    "img_name": "/Image Set Camera_00006",
    "width": 1959,
    "height": 1090,
    "position": [
      0.27461883473537796,
      -0.7035127809223081,
      6.334536703378206
    ],
    "rotation": [
      [
        0.9943442866100873,
        0.07296170542377135,
        -0.07717531488456113
      ],
      [
        -0.06902057879179342,
        0.9962296532304609,
        0.05256080029415049
      ],
      [
        0.08071926281329743,
        -0.046936846570371026,
        0.9956311229792424
      ]
    ],
    "fx": 1159.5880733038064,
    "fy": 1164.6601287484507
  },
  {
    "id": 8,
    "img_name": "/Image Set Camera_00007",
    "width": 1959,
    "height": 1090,
    "position": [
      0.24410324212081438,
      -0.6880344718648745,
      6.182300065269557
    ],
    "rotation": [
      [
        0.9948050425334325,
        0.0714172296896865,
        -0.07254313650171176
      ],
      [
        -0.06769394227321089,
        0.9963211875014315,
        0.052551132387882005
      ],
      [
        0.0760293201966624,
        -0.04736740059564247,
        0.9959798551332478
      ]
    ],
    "fx": 1159.5880733038064,
    "fy": 1164.6601287484507
  },
  {
    "id": 9,
    "img_name": "/Image Set Camera_00008",
    "width": 1959,
    "height": 1090,
    "position": [
      0.22939249281293392,
      -0.6817812147102182,
      6.102229237333997
    ],
    "rotation": [
      [
        0.9950357617896556,
        0.07060047229030261,
        -0.07013847782826634
      ],
      [
        -0.06697963904809094,
        0.9963614814383794,
        0.05270224149792082
      ],
      [
        0.07360408081531518,
        -0.04774276508858623,
        0.9961440998515368
      ]
    ],
    "fx": 1159.5880733038064,
    "fy": 1164.6601287484507
  },
  {
    "id": 10,
    "img_name": "/Image Set Camera_00009",
    "width": 1959,
    "height": 1090,
    "position": [
      0.21405935758743733,
      -0.6733846606066841,
      6.018870882008167
    ],
    "rotation": [
      [
        0.9952761215147455,
        0.06968165071155627,
        -0.06760110573561669
      ],
      [
        -0.06619153121001188,
        0.9964214087280712,
        0.05256479263195336
      ],
      [
        0.07102199052856364,
        -0.047841862238827026,
        0.9963267702309729
      ]
    ],
    "fx": 1159.5880733038064,
    "fy": 1164.6601287484507
  },
  {
    "id": 11,
    "img_name": "/Image Set Camera_00010",
    "width": 1959,
    "height": 1090,
    "position": [
      0.17693064283336687,
      -0.6592450850747206,
      5.8428136286382
    ],
    "rotation": [
      [
        0.9958303447465614,
        0.06768627574756357,
        -0.06115956636021324
      ],
      [
        -0.06451414548685656,
        0.9965383230653231,
        0.05243372668668919
      ],
      [
        0.06449689538299688,
        -0.04826943896067683,
        0.9967498240523427
      ]
    ],
    "fx": 1159.5880733038064,
    "fy": 1164.6601287484507
  },
  {
    "id": 12,
    "img_name": "/Image Set Camera_00011",
    "width": 1959,
    "height": 1090,
    "position": [
      0.1545551103025038,
      -0.6533266373863695,
      5.734028721586116
    ],
    "rotation": [
      [
        0.9961630123506514,
        0.06653861061930626,
        -0.05684950414320406
      ],
      [
        -0.06357648722677077,
        0.9965995337574888,
        0.0524156425722354
      ],
      [
        0.0601438533549363,
        -0.048600232625044405,
        0.9970058847832401
      ]
    ],
    "fx": 1159.5880733038064,
    "fy": 1164.6601287484507
  },
  {
    "id": 13,
    "img_name": "/Image Set Camera_00012",
    "width": 1959,
    "height": 1090,
    "position": [
      0.11770618655469252,
      -0.6295871971996222,
      5.398769580155665
    ],
    "rotation": [
      [
        0.996921214576514,
        0.06343003748066402,
        -0.046094709810235494
      ],
      [
        -0.06101729317303596,
        0.9967817779240691,
        0.05199016380400816
      ],
      [
        0.04924410483625466,
        -0.04901752282330657,
        0.9975832299087343
      ]
    ],
    "fx": 1159.5880733038064,
    "fy": 1164.6601287484507
  },
  {
    "id": 14,
    "img_name": "/Image Set Camera_00013",
    "width": 1959,
    "height": 1090,
    "position": [
      0.07934572228833496,
      -0.6040962614023895,
      5.056346318067505
    ],
    "rotation": [
      [
        0.9976717934784983,
        0.060303068435167057,
        -0.031851725772713925
      ],
      [
        -0.05860741019955232,
        0.9969400768460707,
        0.051726730496447056
      ],
      [
        0.034873542508584085,
        -0.04973955282724416,
        0.9981532011256828
      ]
    ],
    "fx": 1159.5880733038064,
    "fy": 1164.6601287484507
  },
  {
    "id": 15,
    "img_name": "/Image Set Camera_00014",
    "width": 1959,
    "height": 1090,
    "position": [
      0.05834914114906866,
      -0.5894401081195791,
      4.87198934039348
    ],
    "rotation": [
      [
        0.9980089518314431,
        0.058654757927843984,
        -0.023189468228710083
      ],
      [
        -0.057394497599866624,
        0.9970112731849677,
        0.05171453168451348
      ],
      [
        0.026153464580495552,
        -0.050280617682320373,
        0.9983926360785725
      ]
    ],
    "fx": 1159.5880733038064,
    "fy": 1164.6601287484507
  },
  {
    "id": 16,
    "img_name": "/Image Set Camera_00015",
    "width": 1959,
    "height": 1090,
    "position": [
      0.043495514360872366,
      -0.5806211647986441,
      4.722751529798275
    ],
    "rotation": [
      [
        0.9982111621624654,
        0.05761227004582556,
        -0.015978174940429378
      ],
      [
        -0.056707038475671545,
        0.9970219139522398,
        0.052264853260401006
      ],
      [
        0.018941687400514284,
        -0.051265284932197674,
        0.9985054246418703
      ]
    ],
    "fx": 1159.5880733038064,
    "fy": 1164.6601287484507
  },
  {
    "id": 17,
    "img_name": "/Image Set Camera_00016",
    "width": 1959,
    "height": 1090,
    "position": [
      5.331677278558669e-05,
      -0.5541149294940706,
      4.345015556956462
    ],
    "rotation": [
      [
        0.9984923851891824,
        0.054522581699944936,
        0.006343879254074566
      ],
      [
        -0.05478461706043907,
        0.9970618745330518,
        0.05353750168039107
      ],
      [
        -0.003406237331498864,
        -0.05380433474553567,
        0.9985456880432821
      ]
    ],
    "fx": 1159.5880733038064,
    "fy": 1164.6601287484507
  },
  {
    "id": 18,
    "img_name": "/Image Set Camera_00017",
    "width": 1959,
    "height": 1090,
    "position": [
      -0.019643982373797594,
      -0.5398285238137465,
      4.166412799973157
    ],
    "rotation": [
      [
        0.998426774742517,
        0.05292932934741488,
        0.018505717281097515
      ],
      [
        -0.05386080965815439,
        0.9970816984509148,
        0.05410267828127317
      ],
      [
        -0.015588093540362419,
        -0.055014295497368415,
        0.9983638808724528
      ]
    ],
    "fx": 1159.5880733038064,
    "fy": 1164.6601287484507
  },
  {
    "id": 19,
    "img_name": "/Image Set Camera_00018",
    "width": 1959,
    "height": 1090,
    "position": [
      -0.046730349245303796,
      -0.5114283887182609,
      3.8205255034494803
    ],
    "rotation": [
      [
        0.9977980867452609,
        0.04974149481745775,
        0.0438721070934771
      ],
      [
        -0.052150216707057814,
        0.9970911634606641,
        0.0555838703768129
      ],
      [
        -0.040979665505023445,
        -0.05774941940820058,
        0.9974896849457201
      ]
    ],
    "fx": 1159.5880733038064,
    "fy": 1164.6601287484507
  },
  {
    "id": 20,
    "img_name": "/Image Set Camera_00019",
    "width": 1959,
    "height": 1090,
    "position": [
      -0.06193275224388322,
      -0.4872998554916824,
      3.4485431935832915
    ],
    "rotation": [
      [
        0.9964432060367804,
        0.04650759731769452,
        0.07027076586232477
      ],
      [
        -0.05064433322533843,
        0.9970147918279362,
        0.058280840663618216
      ],
      [
        -0.0673504911288951,
        -0.061632363803705806,
        0.995823961891189
      ]
    ],
    "fx": 1159.5880733038064,
    "fy": 1164.6601287484507
  },
  {
    "id": 21,
    "img_name": "/Image Set Camera_00020",
    "width": 1959,
    "height": 1090,
    "position": [
      -0.06454687527451222,
      -0.4759441655936034,
      3.2716445860955785
    ],
    "rotation": [
      [
        0.9956351882793646,
        0.0449692052977102,
        0.08178228680348018
      ],
      [
        -0.04993818191631354,
        0.9969626398329287,
        0.059763473495533445
      ],
      [
        -0.07884636863424636,
        -0.06358667590187857,
        0.9948567659723393
      ]
    ],
    "fx": 1159.5880733038064,
    "fy": 1164.6601287484507
  },
  {
    "id": 22,
    "img_name": "/Image Set Camera_00021",
    "width": 1959,
    "height": 1090,
    "position": [
      -0.05969050266358164,
      -0.46164574097811717,
      3.069412379873582
    ],
    "rotation": [
      [
        0.9947184433140376,
        0.04361647105535445,
        0.09291298070547051
      ],
      [
        -0.049455652892007346,
        0.9968811713401975,
        0.061498525384117125
      ],
      [
        -0.08994085238601529,
        -0.06576878955912935,
        0.9937731679774836
      ]
    ],
    "fx": 1159.5880733038064,
    "fy": 1164.6601287484507
  },
  {
    "id": 23,
    "img_name": "/Image Set Camera_00022",
    "width": 1959,
    "height": 1090,
    "position": [
      -0.04976903862096621,
      -0.42824112695003347,
      2.7616906390874414
    ],
    "rotation": [
      [
        0.9937261968409404,
        0.0423989662658889,
        0.10349190002905848
      ],
      [
        -0.04910629356217518,
        0.9967954336190024,
        0.06314614357892731
      ],
      [
        -0.10048292215409588,
        -0.06783208072799363,
        0.9926237913628129
      ]
    ],
    "fx": 1159.5880733038064,
    "fy": 1164.6601287484507
  },
  {
    "id": 24,
    "img_name": "/Image Set Camera_00023",
    "width": 1959,
    "height": 1090,
    "position": [
      -0.038916511294836524,
      -0.3834994661518246,
      2.415240369701978
    ],
    "rotation": [
      [
        0.9928189281089554,
        0.04076394242790467,
        0.1124672262764545
      ],
      [
        -0.04822492653908203,
        0.9967559284102456,
        0.06443582574414208
      ],
      [
        -0.10947571625198388,
        -0.0693968311723509,
        0.9915639905595359
      ]
    ],
    "fx": 1159.5880733038064,
    "fy": 1164.6601287484507
  },
  {
    "id": 25,
    "img_name": "/Image Set Camera_00024",
    "width": 1959,
    "height": 1090,
    "position": [
      -0.026572180956659686,
      -0.35125860499590944,
      2.15487261566191
    ],
    "rotation": [
      [
        0.9922100068022812,
        0.039772722962526964,
        0.11805690538703477
      ],
      [
        -0.04773966176874951,
        0.9967138083330389,
        0.0654408815073248
      ],
      [
        -0.11506618571771028,
        -0.07056709421817232,
        0.9908481508879052
      ]
    ],
    "fx": 1159.5880733038064,
    "fy": 1164.6601287484507
  },
  {
    "id": 26,
    "img_name": "/Image Set Camera_00025",
    "width": 1959,
    "height": 1090,
    "position": [
      -0.024181640702968344,
      -0.3453379515756365,
      2.1258825839406845
    ],
    "rotation": [
      [
        0.9921407777226118,
        0.03970190882784076,
        0.11866101135333659
      ],
      [
        -0.047698155484431015,
        0.9967234349000866,
        0.06532442333733723
      ],
      [
        -0.1156787065252456,
        -0.07047093554365819,
        0.9907836716964241
      ]
    ],
    "fx": 1159.5880733038064,
    "fy": 1164.6601287484507
  },
  {
    "id": 27,
    "img_name": "/Image Set Camera_00026",
    "width": 1959,
    "height": 1090,
    "position": [
      0.0062224785440194285,
      -0.2977472061898643,
      1.8074684564713166
    ],
    "rotation": [
      [
        0.9915626310176514,
        0.036987538281075365,
        0.12423957011056906
      ],
      [
        -0.04525149020640857,
        0.9968998490755565,
        0.0643660900415114
      ],
      [
        -0.12147366547302477,
        -0.06944503527998692,
        0.9901623784367436
      ]
    ],
    "fx": 1159.5880733038064,
    "fy": 1164.6601287484507
  },
  {
    "id": 28,
    "img_name": "/Image Set Camera_00027",
    "width": 1959,
    "height": 1090,
    "position": [
      0.04609728132101089,
      -0.2508419385600902,
      1.483507019776143
    ],
    "rotation": [
      [
        0.9908414306240049,
        0.03493619678730564,
        0.1304328237561914
      ],
      [
        -0.04350805721673479,
        0.9970356992369275,
        0.06345757168657093
      ],
      [
        -0.12782921542511463,
        -0.06855126987277196,
        0.9894242846638797
      ]
    ],
    "fx": 1159.5880733038064,
    "fy": 1164.6601287484507
  },
  {
    "id": 29,
    "img_name": "/Image Set Camera_00028",
    "width": 1959,
    "height": 1090,
    "position": [
      0.0665175191876489,
      -0.22894561532915275,
      1.327871074122978
    ],
    "rotation": [
      [
        0.990366024981862,
        0.03370543242677054,
        0.13430964368410173
      ],
      [
        -0.04253258389336437,
        0.9970811941696333,
        0.06340403410361062
      ],
      [
        -0.1317805595259782,
        -0.06850573741068919,
        0.9889089179863016
      ]
    ],
    "fx": 1159.5880733038064,
    "fy": 1164.6601287484507
  },
  {
    "id": 30,
    "img_name": "/Image Set Camera_00029",
    "width": 1959,
    "height": 1090,
    "position": [
      0.10488689718062393,
      -0.18817536722004083,
      1.0072422880892393
    ],
    "rotation": [
      [
        0.9887184695741843,
        0.03149334445733388,
        0.14643755385069238
      ],
      [
        -0.041267450047195856,
        0.9970838235776932,
        0.06419381844297536
      ],
      [
        -0.14398883807255652,
        -0.06951271836562865,
        0.9871348421041249
      ]
    ],
    "fx": 1159.5880733038064,
    "fy": 1164.6601287484507
  },
  {
    "id": 31,
    "img_name": "/Image Set Camera_00030",
    "width": 1959,
    "height": 1090,
    "position": [
      0.12304487991030148,
      -0.1697779618734428,
      0.8517332206465852
    ],
    "rotation": [
      [
        0.9874120611475378,
        0.03035016397725405,
        0.1552297943273932
      ],
      [
        -0.04085033713532562,
        0.9970548975406212,
        0.06490594153227973
      ],
      [
        -0.15280272070974796,
        -0.07043009894083117,
        0.985743845888415
      ]
    ],
    "fx": 1159.5880733038064,
    "fy": 1164.6601287484507
  },
  {
    "id": 32,
    "img_name": "/Image Set Camera_00031",
    "width": 1959,
    "height": 1090,
    "position": [
      0.16088068374340983,
      -0.13255440928976248,
      0.5600568432719195
    ],
    "rotation": [
      [
        0.9841176059040855,
        0.027160630687495194,
        0.17542758588736432
      ],
      [
        -0.03937514895265045,
        0.9970074937061738,
        0.06652559761994158
      ],
      [
        -0.17309574054426552,
        -0.07237649918579428,
        0.9822420816535204
      ]
    ],
    "fx": 1159.5880733038064,
    "fy": 1164.6601287484507
  },
  {
    "id": 33,
    "img_name": "/Image Set Camera_00032",
    "width": 1959,
    "height": 1090,
    "position": [
      0.17911959639167063,
      -0.11676851265649052,
      0.4216178515353449
    ],
    "rotation": [
      [
        0.9824537222097496,
        0.025449333138424353,
        0.1847620501050411
      ],
      [
        -0.03857016001097563,
        0.9969550641673266,
        0.06777125340326302
      ],
      [
        -0.18247472831308986,
        -0.07370842200136325,
        0.9804437985183715
      ]
    ],
    "fx": 1159.5880733038064,
    "fy": 1164.6601287484507
  },
  {
    "id": 34,
    "img_name": "/Image Set Camera_00033",
    "width": 1959,
    "height": 1090,
    "position": [
      0.20383012205404907,
      -0.1014053912761894,
      0.2755261339174224
    ],
    "rotation": [
      [
        0.981154111786433,
        0.023951543689415218,
        0.19173662268713798
      ],
      [
        -0.03787032385902782,
        0.9968795255204664,
        0.06926074045880684
      ],
      [
        -0.18947941179819042,
        -0.07521658828332942,
        0.9789994981365557
      ]
    ],
    "fx": 1159.5880733038064,
    "fy": 1164.6601287484507
  },
  {
    "id": 35,
    "img_name": "/Image Set Camera_00034",
    "width": 1959,
    "height": 1090,
    "position": [
      0.27796979345330924,
      -0.06467595657174352,
      -0.08825084065211539
    ],
    "rotation": [
      [
        0.9788941109728861,
        0.020617392474823075,
        0.2033254598670368
      ],
      [
        -0.036138290699428505,
        0.9966828231005701,
        0.07292032694387313
      ],
      [
        -0.2011475663485056,
        -0.07872911319084484,
        0.9763920233636982
      ]
    ],
    "fx": 1159.5880733038064,
    "fy": 1164.6601287484507
  },
  {
    "id": 36,
    "img_name": "/Image Set Camera_00035",
    "width": 1959,
    "height": 1090,
    "position": [
      0.28410297786692773,
      -0.06459387440933459,
      -0.11520452579930812
    ],
    "rotation": [
      [
        0.9788277419266636,
        0.020329012164804462,
        0.2036737167607841
      ],
      [
        -0.03601894223898912,
        0.9966352455357553,
        0.07362623958799731
      ],
      [
        -0.20149165599283073,
        -0.07940351768207785,
        0.976266456427229
      ]
    ],
    "fx": 1159.5880733038064,
    "fy": 1164.6601287484507
  },
  {
    "id": 37,
    "img_name": "/Image Set Camera_00036",
    "width": 1959,
    "height": 1090,
    "position": [
      0.33782282057421786,
      -0.037520167904261485,
      -0.37740013710835707
    ],
    "rotation": [
      [
        0.9789146556556065,
        0.017672797513722034,
        0.20350373257192195
      ],
      [
        -0.033457849521421466,
        0.9966678616703889,
        0.07438915121693938
      ],
      [
        -0.20151096557772546,
        -0.07962942760948201,
        0.976244070409915
      ]
    ],
    "fx": 1159.5880733038064,
    "fy": 1164.6601287484507
  },
  {
    "id": 38,
    "img_name": "/Image Set Camera_00037",
    "width": 1959,
    "height": 1090,
    "position": [
      0.3960889059188977,
      -0.010185157491734396,
      -0.6676378102759881
    ],
    "rotation": [
      [
        0.9801775126424378,
        0.015993983057304637,
        0.19747464702094336
      ],
      [
        -0.03127949853014751,
        0.9967280743462497,
        0.07453011996313669
      ],
      [
        -0.19563649118144097,
        -0.07922965553364283,
        0.977470728463126
      ]
    ],
    "fx": 1159.5880733038064,
    "fy": 1164.6601287484507
  },
  {
    "id": 39,
    "img_name": "/Image Set Camera_00038",
    "width": 1959,
    "height": 1090,
    "position": [
      0.42490573895879297,
      0.00501557084247585,
      -0.8215699351796539
    ],
    "rotation": [
      [
        0.9808595101506292,
        0.015515707089688859,
        0.19409761508213993
      ],
      [
        -0.030479966714287723,
        0.9967663449906399,
        0.07434934514235102
      ],
      [
        -0.1923163876952858,
        -0.07884235110337275,
        0.9781606671177945
      ]
    ],
    "fx": 1159.5880733038064,
    "fy": 1164.6601287484507
  },
  {
    "id": 40,
    "img_name": "/Image Set Camera_00039",
    "width": 1959,
    "height": 1090,
    "position": [
      0.44642831011881856,
      0.014523792303428665,
      -0.9525656639060064
    ],
    "rotation": [
      [
        0.9814724820317893,
        0.014927699216022603,
        0.19102076015573569
      ],
      [
        -0.02975296804218987,
        0.9967410969075114,
        0.07497964142546508
      ],
      [
        -0.18927896847521006,
        -0.0792738893440132,
        0.9787181016826212
      ]
    ],
    "fx": 1159.5880733038064,
    "fy": 1164.6601287484507
  },
  {
    "id": 41,
    "img_name": "/Image Set Camera_00040",
    "width": 1959,
    "height": 1090,
    "position": [
      0.515618272251331,
      0.053344718932485796,
      -1.3297332520269594
    ],
    "rotation": [
      [
        0.982732490419121,
        0.015124758299476378,
        0.1844128356731564
      ],
      [
        -0.0292542362749437,
        0.9968186323370823,
        0.07414043354066828
      ],
      [
        -0.1827047945035979,
        -0.07825506956108916,
        0.9800485203056974
      ]
    ],
    "fx": 1159.5880733038064,
    "fy": 1164.6601287484507
  },
  {
    "id": 42,
    "img_name": "/Image Set Camera_00041",
    "width": 1959,
    "height": 1090,
    "position": [
      0.5828299535450058,
      0.0900615069464396,
      -1.6495257801778929
    ],
    "rotation": [
      [
        0.9830095032378589,
        0.015422644399766278,
        0.18290560019796048
      ],
      [
        -0.02950832236743505,
        0.9967812723284895,
        0.07454095549600386
      ],
      [
        -0.1811672582314954,
        -0.07867170504645273,
        0.980300559711136
      ]
    ],
    "fx": 1159.5880733038064,
    "fy": 1164.6601287484507
  },
  {
    "id": 43,
    "img_name": "/Image Set Camera_00042",
    "width": 1959,
    "height": 1090,
    "position": [
      0.6539343757310946,
      0.12517015226956063,
      -1.9658873988799108
    ],
    "rotation": [
      [
        0.9821274931523561,
        0.015039015791882627,
        0.18761507188464377
      ],
      [
        -0.030069470312856977,
        0.996536744834844,
        0.07752640291589176
      ],
      [
        -0.18579939222013822,
        -0.08178229758318412,
        0.9791783502777432
      ]
    ],
    "fx": 1159.5880733038064,
    "fy": 1164.6601287484507
  },
  {
    "id": 44,
    "img_name": "/Image Set Camera_00043",
    "width": 1959,
    "height": 1090,
    "position": [
      0.6589038992981433,
      0.1247150001629424,
      -1.9839470202707932
    ],
    "rotation": [
      [
        0.9820070038798587,
        0.015179730428329244,
        0.18823341923002485
      ],
      [
        -0.030440550879752733,
        0.9964531819937271,
        0.07845016862131805
      ],
      [
        -0.18637493713758893,
        -0.08276854401703165,
        0.9789860831126561
      ]
    ],
    "fx": 1159.5880733038064,
    "fy": 1164.6601287484507
  },
  {
    "id": 45,
    "img_name": "/Image Set Camera_00044",
    "width": 1959,
    "height": 1090,
    "position": [
      0.7398272960975484,
      0.15202869236752287,
      -2.2972647959260417
    ],
    "rotation": [
      [
        0.9789865340286521,
        0.016397678342403164,
        0.20326456241938953
      ],
      [
        -0.03436159240198633,
        0.9957741200191103,
        0.08516562022181395
      ],
      [
        -0.20100907232800855,
        -0.0903604894029773,
        0.9754129047724803
      ]
    ],
    "fx": 1159.5880733038064,
    "fy": 1164.6601287484507
  },
  {
    "id": 46,
    "img_name": "/Image Set Camera_00045",
    "width": 1959,
    "height": 1090,
    "position": [
      0.7720957769318094,
      0.16215013722597343,
      -2.4159468627325102
    ],
    "rotation": [
      [
        0.9767140042034752,
        0.016690333178464214,
        0.21389527056764407
      ],
      [
        -0.03625868677372103,
        0.9954699077190391,
        0.08789181110486266
      ],
      [
        -0.21145936164251278,
        -0.0936007243788184,
        0.9728945691951938
      ]
    ],
    "fx": 1159.5880733038064,
    "fy": 1164.6601287484507
  },
  {
    "id": 47,
    "img_name": "/Image Set Camera_00046",
    "width": 1959,
    "height": 1090,
    "position": [
      0.8532077178438395,
      0.18325755417110426,
      -2.6651569053053334
    ],
    "rotation": [
      [
        0.9702527350953739,
        0.014862862637132613,
        0.2416375909377014
      ],
      [
        -0.038272539959158886,
        0.9949790494781465,
        0.09247650395986441
      ],
      [
        -0.2390498749738656,
        -0.09897366525391467,
        0.9659499836229541
      ]
    ],
    "fx": 1159.5880733038064,
    "fy": 1164.6601287484507
  },
  {
    "id": 48,
    "img_name": "/Image Set Camera_00047",
    "width": 1959,
    "height": 1090,
    "position": [
      0.8797709455808979,
      0.19338027923872922,
      -2.7564695311195955
    ],
    "rotation": [
      [
        0.9667189293123842,
        0.01308115432058902,
        0.25550615474144345
      ],
      [
        -0.038274988224437485,
        0.9948473317404433,
        0.09388190350296315
      ],
      [
        -0.25296153262015286,
        -0.10053690830019316,
        0.9622384283969863
      ]
    ],
    "fx": 1159.5880733038064,
    "fy": 1164.6601287484507
  },
  {
    "id": 49,
    "img_name": "/Image Set Camera_00048",
    "width": 1959,
    "height": 1090,
    "position": [
      0.9568567206704969,
      0.22253112276356862,
      -2.9872495613271344
    ],
    "rotation": [
      [
        0.9581275479963365,
        0.00770740645746796,
        0.28623800875534966
      ],
      [
        -0.03633193158235637,
        0.9948305640285842,
        0.09482689292634365
      ],
      [
        -0.2840274502896211,
        -0.10125583815399805,
        0.9534545939486098
      ]
    ],
    "fx": 1159.5880733038064,
    "fy": 1164.6601287484507
  },
  {
    "id": 50,
    "img_name": "/Image Set Camera_00049",
    "width": 1959,
    "height": 1090,
    "position": [
      0.9874489102780866,
      0.2353300575744109,
      -3.0779570448559697
    ],
    "rotation": [
      [
        0.9544304799079941,
        0.005144387648898354,
        0.29838899828632043
      ],
      [
        -0.03487084940069578,
        0.9949248449128473,
        0.09438525752055131
      ],
      [
        -0.29638907349069044,
        -0.10048924445364617,
        0.949765986369519
      ]
    ],
    "fx": 1159.5880733038064,
    "fy": 1164.6601287484507
  },
  {
    "id": 51,
    "img_name": "/Image Set Camera_00050",
    "width": 1959,
    "height": 1090,
    "position": [
      1.0933301440274565,
      0.27488811727261686,
      -3.354466747861664
    ],
    "rotation": [
      [
        0.9416863286526395,
        -0.0061927628913285475,
        0.3364349983525568
      ],
      [
        -0.026681530982991985,
        0.9953082968857504,
        0.09300263466585648
      ],
      [
        -0.335432488487798,
        -0.09655591042581968,
        0.9371029835768983
      ]
    ],
    "fx": 1159.5880733038064,
    "fy": 1164.6601287484507
  },
  {
    "id": 52,
    "img_name": "/Image Set Camera_00051",
    "width": 1959,
    "height": 1090,
    "position": [
      1.0991311880177068,
      0.2762538286090153,
      -3.367306525675101
    ],
    "rotation": [
      [
        0.9410221508977712,
        -0.0067240217507063445,
        0.33827813859489725
      ],
      [
        -0.026362404338982015,
        0.9953059362537561,
        0.09311883212058726
      ],
      [
        -0.33731637250095126,
        -0.09654470875988036,
        0.9364276715546532
      ]
    ],
    "fx": 1159.5880733038064,
    "fy": 1164.6601287484507
  },
  {
    "id": 53,
    "img_name": "/Image Set Camera_00052",
    "width": 1959,
    "height": 1090,
    "position": [
      1.1711790275616019,
      0.29558215020679734,
      -3.5486910419116504
    ],
    "rotation": [
      [
        0.931529170289783,
        -0.014754940673806853,
        0.3633671650341302
      ],
      [
        -0.020739138287572588,
        0.995395164553293,
        0.09358608084010973
      ],
      [
        -0.36307477610310157,
        -0.09471408612046603,
        0.9269336269917321
      ]
    ],
    "fx": 1159.5880733038064,
    "fy": 1164.6601287484507
  },
  {
    "id": 54,
    "img_name": "/Image Set Camera_00053",
    "width": 1959,
    "height": 1090,
    "position": [
      1.2346166438776276,
      0.3099703982541732,
      -3.701253484504639
    ],
    "rotation": [
      [
        0.9233947327805221,
        -0.021633807407942744,
        0.38324162854552246
      ],
      [
        -0.015342301580376722,
        0.9955326020101125,
        0.09316357720263678
      ],
      [
        -0.3835450185511538,
        -0.09190656511920645,
        0.9189376486098413
      ]
    ],
    "fx": 1159.5880733038064,
    "fy": 1164.6601287484507
  },
  {
    "id": 55,
    "img_name": "/Image Set Camera_00054",
    "width": 1959,
    "height": 1090,
    "position": [
      1.267051250319058,
      0.31615721102056726,
      -3.7797486173776633
    ],
    "rotation": [
      [
        0.9192293436625464,
        -0.024594241729786078,
        0.39295360670626384
      ],
      [
        -0.01300292055680866,
        0.9956063218476516,
        0.09273066350449392
      ],
      [
        -0.39350773538358497,
        -0.09035029148114138,
        0.9148707488069313
      ]
    ],
    "fx": 1159.5880733038064,
    "fy": 1164.6601287484507
  },
  {
    "id": 56,
    "img_name": "/Image Set Camera_00055",
    "width": 1959,
    "height": 1090,
    "position": [
      1.3241646679434547,
      0.32134027943230725,
      -3.9101696236947427
    ],
    "rotation": [
      [
        0.9119736988405722,
        -0.03000780389689961,
        0.4091497333841616
      ],
      [
        -0.008777998005572694,
        0.9956656556464406,
        0.09258968040315026
      ],
      [
        -0.410154750519922,
        -0.08803086885535416,
        0.9077574823456493
      ]
    ],
    "fx": 1159.5880733038064,
    "fy": 1164.6601287484507
  },
  {
    "id": 57,
    "img_name": "/Image Set Camera_00056",
    "width": 1959,
    "height": 1090,
    "position": [
      1.365317712926755,
      0.3224106153619533,
      -4.006288278272079
    ],
    "rotation": [
      [
        0.9053593819444072,
        -0.03580974262287419,
        0.42313360993724497
      ],
      [
        -0.0038208543862218516,
        0.9957107237547764,
        0.09244217474453266
      ],
      [
        -0.4246290034806859,
        -0.08531012210179359,
        0.9013392216418726
      ]
    ],
    "fx": 1159.5880733038064,
    "fy": 1164.6601287484507
  },
  {
    "id": 58,
    "img_name": "/Image Set Camera_00057",
    "width": 1959,
    "height": 1090,
    "position": [
      1.3775674564124634,
      0.320017641221655,
      -4.038554764164277
    ],
    "rotation": [
      [
        0.9012026830092323,
        -0.03869813731449589,
        0.4316667444978239
      ],
      [
        -0.001467506891017309,
        0.9957274822012266,
        0.0923289099509508
      ],
      [
        -0.4333953974841979,
        -0.08384053528928824,
        0.8972954887225945
      ]
    ],
    "fx": 1159.5880733038064,
    "fy": 1164.6601287484507
  },
  {
    "id": 59,
    "img_name": "/Image Set Camera_00058",
    "width": 1959,
    "height": 1090,
    "position": [
      1.3683137822465121,
      0.3182441404576585,
      -4.033006522632397
    ],
    "rotation": [
      [
        0.8974900162155467,
        -0.04065640669283823,
        0.43915683689115476
      ],
      [
        -0.0002852882313530772,
        0.9956882517933221,
        0.09276218977246689
      ],
      [
        -0.4410346805003466,
        -0.08337842548036423,
        0.8936086664532593
      ]
    ],
    "fx": 1159.5880733038064,
    "fy": 1164.6601287484507
  },
  {
    "id": 60,
    "img_name": "/Image Set Camera_00059",
    "width": 1959,
    "height": 1090,
    "position": [
      1.3372568343268705,
      0.3149513099744218,
      -4.000604699408784
    ],
    "rotation": [
      [
        0.8916088051308068,
        -0.04208541732278255,
        0.4508464885767464
      ],
      [
        -0.0010810820734738422,
        0.9954706961812732,
        0.09506273878824362
      ],
      [
        -0.452805222888126,
        -0.08524617700013684,
        0.887524940174695
      ]
    ],
    "fx": 1159.5880733038064,
    "fy": 1164.6601287484507
  },
  {
    "id": 61,
    "img_name": "/Image Set Camera_00060",
    "width": 1959,
    "height": 1090,
    "position": [
      1.2155427821723293,
      0.30587510698300663,
      -3.8626465492902153
    ],
    "rotation": [
      [
        0.8758038734664563,
        -0.04338838122733547,
        0.4807130366399718
      ],
      [
        -0.00618778237800912,
        0.9948602862939172,
        0.10106790838059121
      ],
      [
        -0.48262748219552715,
        -0.09149021329987476,
        0.8710340144333915
      ]
    ],
    "fx": 1159.5880733038064,
    "fy": 1164.6601287484507
  },
  {
    "id": 62,
    "img_name": "/Image Set Camera_00061",
    "width": 1959,
    "height": 1090,
    "position": [
      1.0471099258940375,
      0.2965807872158737,
      -3.6585955079863597
    ],
    "rotation": [
      [
        0.8617530053763756,
        -0.038236582586137324,
        0.5058850872252688
      ],
      [
        -0.015377589805127136,
        0.9947289028117532,
        0.10138017381476004
      ],
      [
        -0.5070949491530847,
        -0.09514396283032996,
        0.8566226350502134
      ]
    ],
    "fx": 1159.5880733038064,
    "fy": 1164.6601287484507
  },
  {
    "id": 63,
    "img_name": "/Image Set Camera_00062",
    "width": 1959,
    "height": 1090,
    "position": [
      0.9488179131756181,
      0.28648913911683815,
      -3.5410100416835166
    ],
    "rotation": [
      [
        0.8565423467662198,
        -0.03492261276570555,
        0.5148937942079256
      ],
      [
        -0.020139901694042988,
        0.9946858211067393,
        0.10096782482041582
      ],
      [
        -0.5156836167224739,
        -0.09685312801777995,
        0.8512871895178502
      ]
    ],
    "fx": 1159.5880733038064,
    "fy": 1164.6601287484507
  },
  {
    "id": 64,
    "img_name": "/Image Set Camera_00063",
    "width": 1959,
    "height": 1090,
    "position": [
      0.8504988266343998,
      0.2783114730180802,
      -3.4184048682375203
    ],
    "rotation": [
      [
        0.85340883092814,
        -0.03181013453537476,
        0.5202705859787834
      ],
      [
        -0.02362147010712686,
        0.9947504145606311,
        0.09956725807930472
      ],
      [
        -0.5207066289609183,
        -0.09726113341049505,
        0.8481773862134397
      ]
    ],
    "fx": 1159.5880733038064,
    "fy": 1164.6601287484507
  },
  {
    "id": 65,
    "img_name": "/Image Set Camera_00064",
    "width": 1959,
    "height": 1090,
    "position": [
      0.547887517156427,
      0.2213188252441847,
      -3.011029455210352
    ],
    "rotation": [
      [
        0.851581178055308,
        -0.01639853877008876,
        0.5239662060745326
      ],
      [
        -0.03782025744736439,
        0.9949841415621251,
        0.09260770036285375
      ],
      [
        -0.5228566967234414,
        -0.09867951137944958,
        0.8466895704597786
      ]
    ],
    "fx": 1159.5880733038064,
    "fy": 1164.6601287484507
  },
  {
    "id": 66,
    "img_name": "/Image Set Camera_00065",
    "width": 1959,
    "height": 1090,
    "position": [
      0.39711528345781727,
      0.2027144767930505,
      -2.8036825201538633
    ],
    "rotation": [
      [
        0.8517041240147164,
        -0.00990252594039654,
        0.5239294085240151
      ],
      [
