[
  {
    "id": 1,
    "img_name": "/Image Set Camera_00000",
    "width": 1959,
    "height": 1090,
    "position": [
      1.1435832240032842,
      -0.2055643811640394,
      6.11297954206599
    ],
    "rotation": [
      [
        0.9816225098766636,
        -0.04002180926714396,
        -0.18658912853224774
      ],
      [
        0.03161007661117188,
        0.9983546198318974,
        -0.04784199114735267
      ],
      [
        0.188196841525237,
        0.04106467877984531,
        0.9812724601234016
      ]
    ],
    "fx": 1159.5880733038064,
    "fy": 1164.6601287484507
  },
  {
    "id": 2,
    "img_name": "/Image Set Camera_00001",
    "width": 1959,
    "height": 1090,
    "position": [
      1.1479202249881317,
      -0.20962148369905587,
      6.107112287154404
    ],
    "rotation": [
      [
        0.9810920596919416,
        -0.04177302847838849,
        -0.1889798521037826
      ],
      [
        0.035160011318672836,
        0.9986508648862977,
        -0.03821287303933368
      ],
      [
        0.19032116018324027,
        0.03084581257793642,
        0.981237174098552
      ]
    ],
    "fx": 1159.5880733038064,
    "fy": 1164.6601287484507
  },
  {
    "id": 3,
    "img_name": "/Image Set Camera_00002",
    "width": 1959,
    "height": 1090,
    "position": [
      1.151783194391143,
      -0.1980458188869454,
      6.104526935905086
    ],
    "rotation": [
      [
        0.9800113398413406,
        -0.044599137911485544,
        -0.19387803042101714
      ],
      [
        0.04150892177598901,
        0.9989384547392833,
        -0.019974309902662232
      ],
      [
        0.1945630571187022,
        0.011527382211285353,
        0.9808222755749277
      ]
    ],
    "fx": 1159.5880733038064,
    "fy": 1164.6601287484507
  },
  {
    "id": 4,
    "img_name": "/Image Set Camera_00003",
    "width": 1959,
    "height": 1090,
    "position": [
      1.1521967807274534,
      -0.18600746849148275,
      6.106868047053628
    ],
    "rotation": [
      [
        0.9792056961803467,
        -0.04707534628053383,
        -0.19733250198720528
      ],
      [
        0.04747707915901991,
        0.9988686858555569,
        -0.0026972896991348016
      ],
      [
        0.19723623278315447,
        -0.006727569379852624,
        0.9803329068677378
      ]
    ],
    "fx": 1159.5880733038064,
    "fy": 1164.6601287484507
  },
  {
    "id": 5,
    "img_name": "/Image Set Camera_00004",
    "width": 1959,
    "height": 1090,
    "position": [
      1.153113757144144,
      -0.17667840955599978,
      6.106911309509684
    ],
    "rotation": [
      [
        0.9789416203142868,
        -0.04810709382214952,
        -0.1983910571079899
      ],
      [
        0.04988125776351187,
        0.9987473370050548,
        0.003951828594652769
      ],
      [
        0.19795242898325066,
        -0.013764604945232961,
        0.9801149787195035
      ]
    ],
    "fx": 1159.5880733038064,
    "fy": 1164.6601287484507
  },
  {
    "id": 6,
    "img_name": "/Image Set Camera_00005",
    "width": 1959,
    "height": 1090,
    "position": [
      1.1559653475391158,
      -0.15183507047834754,
      6.105131013547247
    ],
    "rotation": [
      [
        0.9782945586904049,
        -0.049888366289035535,
        -0.20112410931004
      ],
      [
        0.05450116722225764,
        0.9983610453759206,
        0.01745983526012239
      ],
      [
        0.19992343336426927,
        -0.02804236054454272,
        0.9794101524932916
      ]
    ],
    "fx": 1159.5880733038064,
    "fy": 1164.6601287484507
  },
  {
    "id": 7,
    "img_name": "/Image Set Camera_00006",
    "width": 1959,
    "height": 1090,
    "position": [
      1.1587942470990926,
      -0.08085999201499006,
      6.109157192502787
    ],
    "rotation": [
      [
        0.9770338434859442,
        -0.05319919822180421,
        -0.20633640975756204
      ],
      [
        0.06384803578662394,
        0.9969312438138831,
        0.04529374607927727
      ],
      [
        0.2032936226478178,
        -0.05742769729199701,
        0.9774322291465866
      ]
    ],
    "fx": 1159.5880733038064,
    "fy": 1164.6601287484507
  },
  {
    "id": 8,
    "img_name": "/Image Set Camera_00007",
    "width": 1959,
    "height": 1090,
    "position": [
      1.160925719320671,
      -0.04606634343907701,
      6.115003443756597
    ],
    "rotation": [
      [
        0.9765752653427765,
        -0.054646249966578894,
        -0.20812145128572337
      ],
      [
        0.06763215593415825,
        0.9961490039113097,
        0.05579474428835675
      ],
      [
        0.2042710028476466,
        -0.06856346965473373,
        0.9765103215145865
      ]
    ],
    "fx": 1159.5880733038064,
    "fy": 1164.6601287484507
  },
  {
    "id": 9,
    "img_name": "/Image Set Camera_00008",
    "width": 1959,
    "height": 1090,
    "position": [
      1.1650439009581959,
      0.03343710358987506,
      6.115069823983735
    ],
    "rotation": [
      [
        0.9756831504788236,
        -0.05658765531249846,
        -0.2117551112439815
      ],
      [
        0.0743789320985359,
        0.9942518684032661,
        0.07701296408070486
      ],
      [
        0.20617993193227735,
        -0.09089037046270862,
        0.9742837247052591
      ]
    ],
    "fx": 1159.5880733038064,
    "fy": 1164.6601287484507
  },
  {
    "id": 10,
    "img_name": "/Image Set Camera_00009",
    "width": 1959,
    "height": 1090,
    "position": [
      1.1845124001527136,
      0.1661551740643415,
      6.129440847993476
    ],
    "rotation": [
      [
        0.9749754083022903,
        -0.0571518568898918,
        -0.21484091430595745
      ],
      [
        0.08047791455507369,
        0.9915812658032206,
        0.10143913730384851
      ],
      [
        0.2072347906955989,
        -0.11619061305510053,
        0.9713668117468454
      ]
    ],
    "fx": 1159.5880733038064,
    "fy": 1164.6601287484507
  },
  {
    "id": 11,
    "img_name": "/Image Set Camera_00010",
    "width": 1959,
    "height": 1090,
    "position": [
      1.1936525959805167,
      0.16162426248123812,
      6.136007401139885
    ],
    "rotation": [
      [
        0.9748146061288532,
        -0.05651926595084653,
        -0.21573608009377146
      ],
      [
        0.08039658181553723,
        0.9913692508321332,
        0.10355384172937522
      ],
      [
        0.20802132897908893,
        -0.11829024085237272,
        0.9709451815673537
      ]
    ],
    "fx": 1159.5880733038064,
    "fy": 1164.6601287484507
  },
  {
    "id": 12,
    "img_name": "/Image Set Camera_00011",
    "width": 1959,
    "height": 1090,
    "position": [
      1.2043618958262898,
      0.07640180674634278,
      6.1051726849861225
    ],
    "rotation": [
      [
        0.9747854277388762,
        -0.05368757415830056,
        -0.21658950632228982
      ],
      [
        0.07646261528502746,
        0.9922270396293628,
        0.09817825773624654
      ],
      [
        0.2096350121800033,
        -0.11226373505877997,
        0.9713135515676397
      ]
    ],
    "fx": 1159.5880733038064,
    "fy": 1164.6601287484507
  },
  {
    "id": 13,
    "img_name": "/Image Set Camera_00012",
    "width": 1959,
    "height": 1090,
    "position": [
      1.2119492437013673,
      -0.009155769076316322,
      6.076274545628056
    ],
    "rotation": [
      [
        0.9748617225599037,
        -0.05129524251430678,
        -0.21682578256041418
      ],
      [
        0.07250997030943161,
        0.9932035983879265,
        0.09104348606572568
      ],
      [
        0.21068204976519214,
        -0.10447684070966683,
        0.9719555872888761
      ]
    ],
    "fx": 1159.5880733038064,
    "fy": 1164.6601287484507
  },
  {
    "id": 14,
    "img_name": "/Image Set Camera_00013",
    "width": 1959,
    "height": 1090,
    "position": [
      1.2022559476326622,
      -0.21720535092122517,
      6.053901387888955
    ],
    "rotation": [
      [
        0.9756692062115772,
        -0.044783492006561273,
        -0.21462534541421094
      ],
      [
        0.059510563936808474,
        0.9962596344742963,
        0.06265168391244245
      ],
      [
        0.2110168069855909,
        -0.07389979405140337,
        0.9746849376125426
      ]
    ],
    "fx": 1159.5880733038064,
    "fy": 1164.6601287484507
  },
  {
    "id": 15,
    "img_name": "/Image Set Camera_00014",
    "width": 1959,
    "height": 1090,
    "position": [
      1.197484327352267,
      -0.254742330401418,
      6.064416133684976
    ],
    "rotation": [
      [
        0.9759394084112516,
        -0.04298288025478031,
        -0.21376328757506413
      ],
      [
        0.05622715272449437,
        0.9968312996651065,
        0.056266040419341266
      ],
      [
        0.21066745929638192,
        -0.06693154721786862,
        0.9752637538536073
      ]
    ],
    "fx": 1159.5880733038064,
    "fy": 1164.6601287484507
  },
  {
    "id": 16,
    "img_name": "/Image Set Camera_00015",
    "width": 1959,
    "height": 1090,
    "position": [
      1.1762298113327274,
      -0.34096207755210095,
      6.121178717950514
    ],
    "rotation": [
      [
        0.9762334792707289,
        -0.03954697565191977,
        -0.21308268504914696
      ],
      [
        0.04870603660189389,
        0.9980936531437273,
        0.03790490143429902
      ],
      [
        0.21117745132826676,
        -0.04738244686585334,
        0.9762986160901296
      ]
    ],
    "fx": 1159.5880733038064,
    "fy": 1164.6601287484507
  },
  {
    "id": 17,
    "img_name": "/Image Set Camera_00016",
    "width": 1959,
    "height": 1090,
    "position": [
      1.1484887895420728,
      -0.45902469139105617,
      6.2867651379481
    ],
    "rotation": [
      [
        0.9767138102951566,
        -0.03462289150428102,
        -0.21173423946683642
      ],
      [
        0.03528821658917473,
        0.9993769740480998,
        -0.0006367985704623927
      ],
      [
        0.2116243713485579,
        -0.006849753743503079,
        0.9773270723381099
      ]
    ],
    "fx": 1159.5880733038064,
    "fy": 1164.6601287484507
  },
  {
    "id": 18,
    "img_name": "/Image Set Camera_00017",
    "width": 1959,
    "height": 1090,
    "position": [
      1.14563285375367,
      -0.5143231767083873,
      6.371186550450055
    ],
    "rotation": [
      [
        0.9764665947981842,
        -0.031855482925733564,
        -0.21330311167633484
      ],
      [
        0.02858928959227035,
        0.9994222402066937,
        -0.018380378147452452
      ],
      [
        0.2137653895368658,
        0.011849640830098734,
        0.9768131572866685
      ]
    ],
    "fx": 1159.5880733038064,
    "fy": 1164.6601287484507
  },
  {
    "id": 19,
    "img_name": "/Image Set Camera_00018",
    "width": 1959,
    "height": 1090,
    "position": [
      1.1538120229655413,
      -0.5624893381174189,
      6.447704816462999
    ],
    "rotation": [
      [
        0.9755398248464218,
        -0.029486418960347732,
        -0.21783617981296807
      ],
      [
        0.021873527129597448,
        0.9990655352258638,
        -0.03727740783328548
      ],
      [
        0.21873179684152844,
        0.03160075031946512,
        0.9752731892294196
      ]
    ],
    "fx": 1159.5880733038064,
    "fy": 1164.6601287484507
  },
  {
    "id": 20,
    "img_name": "/Image Set Camera_00019",
    "width": 1959,
    "height": 1090,
    "position": [
      1.1582546464299563,
      -0.6114316781603606,
      6.490716857054335
    ],
    "rotation": [
      [
        0.9738430363834274,
        -0.027969184320289966,
        -0.22549382522801797
      ],
      [
        0.016194559257915485,
        0.9984150599570859,
        -0.05389901948394102
      ],
      [
        0.2266439426456135,
        0.04883741167738147,
        0.9727525021724208
      ]
    ],
    "fx": 1159.5880733038064,
    "fy": 1164.6601287484507
  },
  {
    "id": 21,
    "img_name": "/Image Set Camera_00020",
    "width": 1959,
    "height": 1090,
    "position": [
      1.153146044981509,
      -0.6371724170925243,
      6.486576325731662
    ],
    "rotation": [
      [
        0.9718727756688297,
        -0.027734937347837097,
        -0.23386765737073678
      ],
      [
        0.01328207710312175,
        0.9979156874978432,
        -0.06314956115075913
      ],
      [
        0.23513165321068857,
        0.05826709102073219,
        0.9702154666683016
      ]
    ],
    "fx": 1159.5880733038064,
    "fy": 1164.6601287484507
  },
  {
    "id": 22,
    "img_name": "/Image Set Camera_00021",
    "width": 1959,
    "height": 1090,
    "position": [
      1.1454713018202023,
      -0.6273208981066241,
      6.456338055605862
    ],
    "rotation": [
      [
        0.9702174065379862,
        -0.02695944031992159,
        -0.24073091332095367
      ],
      [
        0.011425381856739188,
        0.9977744684341463,
        -0.06569300412056259
      ],
      [
        0.2419662056985058,
        0.060986053476128,
        0.9683661789742943
      ]
    ],
    "fx": 1159.5880733038064,
    "fy": 1164.6601287484507
  },
  {
    "id": 23,
    "img_name": "/Image Set Camera_00022",
    "width": 1959,
    "height": 1090,
    "position": [
      1.1362650367038394,
      -0.6029433063872742,
      6.365582961997405
    ],
    "rotation": [
      [
        0.966264850098443,
        -0.02726901535219716,
        -0.25610279238218986
      ],
      [
        0.010254206240660507,
        0.9976639105071751,
        -0.06753941757155849
      ],
      [
        0.25734624675446,
        0.06263483434362208,
        0.9642871910422433
      ]
    ],
    "fx": 1159.5880733038064,
    "fy": 1164.6601287484507
  },
  {
    "id": 24,
    "img_name": "/Image Set Camera_00023",
    "width": 1959,
    "height": 1090,
    "position": [
      1.1271310734934852,
      -0.5867382648641212,
      6.268723146770495
    ],
    "rotation": [
      [
        0.9630611755785837,
        -0.0281111149376522,
        -0.26781138383227565
      ],
      [
        0.010274641627188417,
        0.9976479846718345,
        -0.06777116215367886
      ],
      [
        0.26908661028120523,
        0.06251610910149075,
        0.9610848725633867
      ]
    ],
    "fx": 1159.5880733038064,
    "fy": 1164.6601287484507
  },
  {
    "id": 25,
    "img_name": "/Image Set Camera_00024",
    "width": 1959,
    "height": 1090,
    "position": [
      1.116170721999679,
      -0.5309530225747144,
      5.986883121503068
    ],
    "rotation": [
      [
        0.9520557707842602,
        -0.031264173832099486,
        -0.3043227903903756
      ],
      [
        0.014257760345773975,
        0.9982179032896994,
        -0.05794595604387449
      ],
      [
        0.3055920901893743,
        0.05082882043203861,
        0.9508048724250296
      ]
    ],
    "fx": 1159.5880733038064,
    "fy": 1164.6601287484507
  },
  {
    "id": 26,
    "img_name": "/Image Set Camera_00025",
    "width": 1959,
    "height": 1090,
    "position": [
      1.103337581833242,
      -0.49046118331732025,
      5.823509541889287
    ],
    "rotation": [
      [
        0.9447676388205094,
        -0.03357733445743231,
        -0.32601636653434046
      ],
      [
        0.019569352065512156,
        0.9987426810724245,
        -0.04615297892879053
      ],
      [
        0.32715615399569625,
        0.037223911871256586,
        0.9442368512654784
      ]
    ],
    "fx": 1159.5880733038064,
    "fy": 1164.6601287484507
  },
  {
    "id": 27,
    "img_name": "/Image Set Camera_00026",
    "width": 1959,
    "height": 1090,
    "position": [
      1.0877231849987659,
      -0.4716164478370928,
      5.748466205653718
    ],
    "rotation": [
      [
        0.9411022820194874,
        -0.03405320134285172,
        -0.33640284519607794
      ],
      [
        0.022255165370717582,
        0.9989965660829865,
        -0.038866033611925144
      ],
      [
        0.3373888000394133,
        0.02909021197421023,
        0.9409158076976177
      ]
    ],
    "fx": 1159.5880733038064,
    "fy": 1164.6601287484507
  },
  {
    "id": 28,
    "img_name": "/Image Set Camera_00027",
    "width": 1959,
    "height": 1090,
    "position": [
      1.0489345613597223,
      -0.4155228665094506,
      5.600102739882181
    ],
    "rotation": [
      [
        0.9330538103974432,
        -0.036040691104010286,
        -0.3579268856729787
      ],
      [
        0.02985301479506597,
        0.9992942263618757,
        -0.022800146215889144
      ],
      [
        0.3584960033395879,
        0.010588566690806892,
        0.9334712088998657
      ]
    ],
    "fx": 1159.5880733038064,
    "fy": 1164.6601287484507
  },
  {
    "id": 29,
    "img_name": "/Image Set Camera_00028",
    "width": 1959,
    "height": 1090,
    "position": [
      1.004033726565123,
      -0.32470015206799807,
      5.444352937292074
    ],
    "rotation": [
      [
        0.92375266784532,
        -0.037832667484632584,
        -0.3811163836935528
      ],
      [
        0.04032898129865543,
        0.9991854216958211,
        -0.001437476245665514
      ],
      [
        0.38086031811684823,
        -0.014042162993690682,
        0.9245259519031317
      ]
    ],
    "fx": 1159.5880733038064,
    "fy": 1164.6601287484507
  },
  {
    "id": 30,
    "img_name": "/Image Set Camera_00029",
    "width": 1959,
    "height": 1090,
    "position": [
      0.9687007584879948,
      -0.22301521537081714,
      5.3258914466946266
    ],
    "rotation": [
      [
        0.9170580929843608,
        -0.03861580469895676,
        -0.3968794196218034
      ],
      [
        0.048826181809534894,
        0.9986846650237989,
        0.015650681014089167
      ],
      [
        0.3957530265983947,
        -0.03373069038360402,
        0.9177373167004029
      ]
    ],
    "fx": 1159.5880733038064,
    "fy": 1164.6601287484507
  },
  {
    "id": 31,
    "img_name": "/Image Set Camera_00030",
    "width": 1959,
    "height": 1090,
    "position": [
      0.9389673332252594,
      -0.13905281055000296,
      5.241365654409059
    ],
    "rotation": [
      [
        0.9121296593634938,
        -0.04001358407357136,
        -0.40794411087675236
      ],
      [
        0.05674419751955115,
        0.9979678088206025,
        0.028988766887665225
      ],
      [
        0.40595514599189275,
        -0.04958997527114192,
        0.9125465762334043
      ]
    ],
    "fx": 1159.5880733038064,
    "fy": 1164.6601287484507
  },
  {
    "id": 32,
    "img_name": "/Image Set Camera_00031",
    "width": 1959,
    "height": 1090,
    "position": [
      0.9174179286400378,
      -0.08954200979419336,
      5.192399465712132
    ],
    "rotation": [
      [
        0.9098876050572006,
        -0.04015453922275832,
        -0.4129069618486465
      ],
      [
        0.06148883821041743,
        0.9973647504195337,
        0.038505550198828155
      ],
      [
        0.4102726763249105,
        -0.06042489222488799,
        0.9099588800933842
      ]
    ],
    "fx": 1159.5880733038064,
    "fy": 1164.6601287484507
  },
  {
    "id": 33,
    "img_name": "/Image Set Camera_00032",
    "width": 1959,
    "height": 1090,
    "position": [
      0.8994354926494292,
      -0.021330423628106,
      5.126929606743475
    ],
    "rotation": [
      [
        0.9071805014795297,
        -0.04059046603695687,
        -0.41877912054238287
      ],
      [
        0.0694585373213463,
        0.9961268802613871,
        0.05391428395050296
      ],
      [
        0.41496873295289144,
        -0.07799777232472072,
        0.9064862371728833
      ]
    ],
    "fx": 1159.5880733038064,
    "fy": 1164.6601287484507
  },
  {
    "id": 34,
    "img_name": "/Image Set Camera_00033",
    "width": 1959,
    "height": 1090,
    "position": [
      0.8565463268588742,
      0.13889795597740134,
      4.94061233816819
    ],
    "rotation": [
      [
        0.9059586541378892,
        -0.038055565277277784,
        -0.4216523342092288
      ],
      [
        0.0775897800289873,
        0.9940077561001404,
        0.07699614826611419
      ],
      [
        0.4161955586352619,
        -0.10247123871697328,
        0.9034826518578492
      ]
    ],
    "fx": 1159.5880733038064,
    "fy": 1164.6601287484507
  },
  {
    "id": 35,
    "img_name": "/Image Set Camera_00034",
    "width": 1959,
    "height": 1090,
    "position": [
      0.8517084799606507,
      0.14355037688162342,
      4.928139540181914
    ],
    "rotation": [
      [
        0.9063037615298544,
        -0.03785815615784261,
        -0.4209278463693813
      ],
      [
        0.0771177983452212,
        0.9940722825464352,
        0.07663642900935733
      ],
      [
        0.4155313911309504,
        -0.10191691265559838,
        0.9038509865567047
      ]
    ],
    "fx": 1159.5880733038064,
    "fy": 1164.6601287484507
  },
  {
    "id": 36,
    "img_name": "/Image Set Camera_00035",
    "width": 1959,
    "height": 1090,
    "position": [
      0.7468862537072907,
      0.05324639358103683,
      4.7969307121672
    ],
    "rotation": [
      [
        0.9168414342919974,
        -0.03276095045733423,
        -0.39790514509179864
      ],
      [
        0.05240994298873118,
        0.9978792736470492,
        0.038602501234445724
      ],
      [
        0.39579664253415686,
        -0.05624655856823178,
        0.9166140640465426
      ]
    ],
    "fx": 1159.5880733038064,
    "fy": 1164.6601287484507
  },
  {
    "id": 37,
    "img_name": "/Image Set Camera_00036",
    "width": 1959,
    "height": 1090,
    "position": [
      0.7320117651596978,
      0.040769923558503174,
      4.779162875706339
    ],
    "rotation": [
      [
        0.9181008077098828,
        -0.03192445375587695,
        -0.3950591552348204
      ],
      [
        0.04928866825850152,
        0.9982097787958526,
        0.03388015197189036
      ],
      [
        0.3932703066133577,
        -0.05057733453557903,
        0.9180307179868828
      ]
    ],
    "fx": 1159.5880733038064,
    "fy": 1164.6601287484507
  },
  {
    "id": 38,
    "img_name": "/Image Set Camera_00037",
    "width": 1959,
    "height": 1090,
    "position": [
      0.6600183609307808,
      -0.035930981414058316,
      4.740847072996389
    ],
    "rotation": [
      [
        0.9259130305496797,
        -0.029859071985352415,
        -0.3765547711535221
      ],
      [
        0.033874566849919234,
        0.9994179059197196,
        0.004045126422361408
      ],
      [
        0.3762147971292971,
        -0.01650106503278126,
        0.9263855251857865
      ]
    ],
    "fx": 1159.5880733038064,
    "fy": 1164.6601287484507
  },
  {
    "id": 39,
    "img_name": "/Image Set Camera_00038",
    "width": 1959,
    "height": 1090,
    "position": [
      0.47395542097005766,
      -0.21595984823753145,
      4.624573820256118
    ],
    "rotation": [
      [
        0.9423651407576986,
        -0.024752627054938327,
        -0.33366937069290914
      ],
      [
        -0.00230446382560787,
        0.9967559156212006,
        -0.08045081802330263
      ],
      [
        0.334578288194556,
        0.07658297544507674,
        0.9392509871918046
      ]
    ],
    "fx": 1159.5880733038064,
    "fy": 1164.6601287484507
  },
  {
    "id": 40,
    "img_name": "/Image Set Camera_00039",
    "width": 1959,
    "height": 1090,
    "position": [
      0.4224837493562655,
      -0.28946705940796064,
      4.576630111059139
    ],
    "rotation": [
      [
        0.9471388639127772,
        -0.02298548818896556,
        -0.31999943718501866
      ],
      [
        -0.012815914156834068,
        0.9939233244220499,
        -0.10932601480958407
      ],
      [
        0.320567816242271,
        0.1076480027800593,
        0.9410888282660282
      ]
    ],
    "fx": 1159.5880733038064,
    "fy": 1164.6601287484507
  },
  {
    "id": 41,
    "img_name": "/Image Set Camera_00040",
    "width": 1959,
    "height": 1090,
    "position": [
      0.3368701652451472,
      -0.4281872060110475,
      4.462813189918157
    ],
    "rotation": [
      [
        0.9550426556959725,
        -0.02024196543682077,
        -0.2957765856798655
      ],
      [
        -0.027160777655574772,
        0.9874968376729287,
        -0.15528131807500173
      ],
      [
        0.2952216420900214,
        0.15633380447369655,
        0.9425518148199872
      ]
    ],
    "fx": 1159.5880733038064,
    "fy": 1164.6601287484507
  },
  {
    "id": 42,
    "img_name": "/Image Set Camera_00041",
    "width": 1959,
    "height": 1090,
    "position": [
      0.2628158229461585,
      -0.5240665954824786,
      4.323324992630827
    ],
    "rotation": [
      [
        0.9613941466055174,
        -0.01866582237634633,
        -0.2745412208533787
      ],
      [
        -0.0346363641164162,
        0.9815532625650012,
        -0.18802530422471597
      ],
      [
        0.27298647796812936,
        0.19027553658580665,
        0.9430130449911811
      ]
    ],
    "fx": 1159.5880733038064,
    "fy": 1164.6601287484507
  },
  {
    "id": 43,
    "img_name": "/Image Set Camera_00042",
    "width": 1959,
    "height": 1090,
    "position": [
      0.20728775942613464,
      -0.5507049875493584,
      4.164298056250547
    ],
    "rotation": [
      [
        0.9672919947723326,
        -0.01718595773828576,
        -0.2530826736581929
      ],
      [
        -0.037503651622686734,
        0.9770487458606523,
        -0.20968839816997717
      ],
      [
        0.2508778048459562,
        0.21232143337106735,
        0.9444468942015373
      ]
    ],
    "fx": 1159.5880733038064,
    "fy": 1164.6601287484507
  },
  {
    "id": 44,
    "img_name": "/Image Set Camera_00043",
    "width": 1959,
    "height": 1090,
    "position": [
      0.15122909810667357,
      -0.5335142979440358,
      3.947444445694058
    ],
    "rotation": [
      [
        0.9733375847533804,
        -0.01693744118498212,
        -0.22875110752204345
      ],
      [
        -0.03589156336672611,
        0.9737396271722454,
        -0.22481755748506121
      ],
      [
        0.22655185231100736,
        0.2270336132834999,
        0.9471694656469294
      ]
    ],
    "fx": 1159.5880733038064,
    "fy": 1164.6601287484507
  },
  {
    "id": 45,
    "img_name": "/Image Set Camera_00044",
    "width": 1959,
    "height": 1090,
    "position": [
      0.09205366838267943,
      -0.5271252900325413,
      3.779894469491954
    ],
    "rotation": [
      [
        0.9793167540587221,
        -0.017211664002168833,
        -0.201599736711547
      ],
      [
        -0.030460095691379082,
        0.9724785757272935,
        -0.23099264560129776
      ],
      [
        0.20002719262730415,
        0.23235571517329018,
        0.9518402932403882
      ]
    ],
    "fx": 1159.5880733038064,
    "fy": 1164.6601287484507
  },
  {
    "id": 46,
    "img_name": "/Image Set Camera_00045",
    "width": 1959,
    "height": 1090,
    "position": [
      0.08202606748009908,
      -0.5266762357878796,
      3.7558452613550912
    ],
    "rotation": [
      [
        0.9802713302883441,
        -0.017354186183778573,
        -0.1968932483266476
      ],
      [
        -0.02923921124353646,
        0.9724466523017941,
        -0.23128462325215113
      ],
      [
        0.19548193660943716,
        0.2324786885908736,
        0.9527541507705393
      ]
    ],
    "fx": 1159.5880733038064,
    "fy": 1164.6601287484507
  },
  {
    "id": 47,
    "img_name": "/Image Set Camera_00046",
    "width": 1959,
    "height": 1090,
    "position": [
      0.029748232145948426,
      -0.5133906101719978,
      3.6584971989567263
    ],
    "rotation": [
      [
        0.9849654599491852,
        -0.018536314687089953,
        -0.1717540326889339
      ],
      [
        -0.021450063141776835,
        0.9734097143439094,
        -0.22806451458331384
      ],
      [
        0.17141451950842432,
        0.22831980435067378,
        0.9583773418872996
      ]
    ],
    "fx": 1159.5880733038064,
    "fy": 1164.6601287484507
  },
  {
    "id": 48,
    "img_name": "/Image Set Camera_00047",
    "width": 1959,
    "height": 1090,
    "position": [
      -0.04089143391426066,
      -0.48497448936458903,
      3.546800444405455
    ],
    "rotation": [
      [
        0.9903069455711221,
        -0.02016983664138734,
        -0.13742391074137866
      ],
      [
        -0.01003788104767888,
        0.9764201714134743,
        -0.21564528698989505
      ],
      [
        0.1385330086934782,
        0.21493447035489982,
        0.9667532151255518
      ]
    ],
    "fx": 1159.5880733038064,
    "fy": 1164.6601287484507
  },
  {
    "id": 49,
    "img_name": "/Image Set Camera_00048",
    "width": 1959,
    "height": 1090,
    "position": [
      -0.12322237815918449,
      -0.4225234718831551,
      3.4040532352231034
    ],
    "rotation": [
      [
        0.9957814811407455,
        -0.024530742730629367,
        -0.08841653961916163
      ],
      [
        0.0071193969891500085,
        0.981351522865325,
        -0.1920898299140755
      ],
      [
        0.09147981200053915,
        0.19065002289795624,
        0.9773863170544975
      ]
    ],
    "fx": 1159.5880733038064,
    "fy": 1164.6601287484507
  },
  {
    "id": 50,
    "img_name": "/Image Set Camera_00049",
    "width": 1959,
    "height": 1090,
    "position": [
      -0.17109318702123466,
      -0.35941328822442387,
      3.2579838561154877
    ],
    "rotation": [
      [
        0.9989235271834519,
        -0.03058964537084586,
        -0.03487205809036052
      ],
      [
        0.024518404749606194,
        0.9863417941628507,
        -0.16287637310593303
      ],
      [
        0.03937809883559742,
        0.16184603388311528,
        0.9860300333399584
      ]
    ],
    "fx": 1159.5880733038064,
    "fy": 1164.6601287484507
  },
  {
    "id": 51,
    "img_name": "/Image Set Camera_00050",
    "width": 1959,
    "height": 1090,
    "position": [
      -0.18589153604707034,
      -0.3242108596803578,
      3.183002713790227
    ],
    "rotation": [
      [
        0.9994147010719194,
        -0.033842579267134236,
        -0.004993506771157072
      ],
      [
        0.03274553221216777,
        0.9886510888911868,
        -0.14661771569088333
      ],
      [
        0.009898757571924823,
        0.14636838546222522,
        0.9891806257381479
      ]
    ],
    "fx": 1159.5880733038064,
    "fy": 1164.6601287484507
  },
  {
    "id": 52,
    "img_name": "/Image Set Camera_00051",
    "width": 1959,
    "height": 1090,
    "position": [
      -0.20923157961122907,
      -0.27189454589590417,
      3.070586676661132
    ],
    "rotation": [
      [
        0.998630916517275,
        -0.03712259164165703,
        0.03685384329583692
      ],
      [
        0.0415184693818779,
        0.9910674616108746,
        -0.12673398611407913
      ],
      [
        -0.03181995091217766,
        0.12809059187147318,
        0.991251880703367
      ]
    ],
    "fx": 1159.5880733038064,
    "fy": 1164.6601287484507
  },
  {
    "id": 53,
    "img_name": "/Image Set Camera_00052",
    "width": 1959,
    "height": 1090,
    "position": [
      -0.24421339100996312,
      -0.1760579881442484,
      2.9399664379547343
    ],
    "rotation": [
      [
        0.9952075975684799,
        -0.04192967153216277,
        0.08833878189775808
      ],
      [
        0.0509208149713931,
        0.9934681493723247,
        -0.10211810214343632
      ],
      [
        -0.08347998768940902,
        0.10612699387023587,
        0.9908421432435356
      ]
    ],
    "fx": 1159.5880733038064,
    "fy": 1164.6601287484507
  },
  {
    "id": 54,
    "img_name": "/Image Set Camera_00053",
    "width": 1959,
    "height": 1090,
    "position": [
      -0.28944569353762634,
      -0.06947679638617377,
      2.8483819205938494
    ],
    "rotation": [
      [
        0.988595095657418,
        -0.048399653336933815,
        0.1426085916029083
      ],
      [
        0.05949851181829277,
        0.9954356076476096,
        -0.07461821572942147
      ],
      [
        -0.1383461742640863,
        0.08225220108968902,
        0.9869624671092575
      ]
    ],
    "fx": 1159.5880733038064,
    "fy": 1164.6601287484507
  },
  {
    "id": 55,
    "img_name": "/Image Set Camera_00054",
    "width": 1959,
    "height": 1090,
    "position": [
      -0.3307135511248743,
      -0.005568553016622901,
      2.803784219752475
    ],
    "rotation": [
      [
        0.9821942095517978,
        -0.05233488924332626,
        0.1804316881559554
      ],
      [
        0.06367906030802131,
        0.9963032889590012,
        -0.057660503707169075
      ],
      [
        -0.17674702826697414,
        0.06812353321258262,
        0.9818959579412818
      ]
    ],
    "fx": 1159.5880733038064,
    "fy": 1164.6601287484507
  },
  {
    "id": 56,
    "img_name": "/Image Set Camera_00055",
    "width": 1959,
    "height": 1090,
    "position": [
      -0.38189457185396763,
      0.053270724154739685,
      2.7632774701852365
    ],
    "rotation": [
      [
        0.9739783096054881,
        -0.05640652010534189,
        0.2195098105043185
      ],
      [
        0.06694023498567843,
        0.9969206726651781,
        -0.04084332690747556
      ],
      [
        -0.2165300380041954,
        0.05447455279682821,
        0.9747549772837723
      ]
    ],
    "fx": 1159.5880733038064,
    "fy": 1164.6601287484507
  },
  {
    "id": 57,
    "img_name": "/Image Set Camera_00056",
    "width": 1959,
    "height": 1090,
    "position": [
      -0.4671864368669625,
      0.13403166951145706,
      2.7220665138477353
    ],
    "rotation": [
      [
        0.9559269115968799,
        -0.06048288577296399,
        0.287307431531844
      ],
      [
        0.06779312118775614,
        0.9975781456573832,
        -0.015554292860777225
      ],
      [
        -0.28567084626274497,
        0.03434623466045743,
        0.9577121194597966
      ]
    ],
    "fx": 1159.5880733038064,
    "fy": 1164.6601287484507
  },
  {
    "id": 58,
    "img_name": "/Image Set Camera_00057",
    "width": 1959,
    "height": 1090,
    "position": [
      -0.5288289434013572,
      0.18529665998509792,
      2.6999220426474357
    ],
    "rotation": [
      [
        0.9316667372229429,
        -0.06115339984921852,
        0.35813035676864574
      ],
      [
        0.0649908618625476,
        0.9978849805352081,
        0.001324196590569579
      ],
      [
        -0.35745388321672933,
        0.022041490628558244,
        0.9336706561010429
      ]
    ],
    "fx": 1159.5880733038064,
    "fy": 1164.6601287484507
  },
  {
    "id": 59,
    "img_name": "/Image Set Camera_00058",
    "width": 1959,
    "height": 1090,
    "position": [
      -0.5660469950960918,
      0.23046726094261924,
      2.706060320849987
    ],
    "rotation": [
      [
        0.8493424194878595,
        -0.05913314331270937,
        0.5245195190080798
      ],
      [
        0.05311031747752719,
        0.9982359440207171,
        0.026538542584397272
      ],
      [
        -0.5251635446562768,
        0.0053170882093654115,
        0.8509847119290855
      ]
    ],
    "fx": 1159.5880733038064,
    "fy": 1164.6601287484507
  },
  {
    "id": 60,
    "img_name": "/Image Set Camera_00059",
    "width": 1959,
    "height": 1090,
    "position": [
      -0.5635186818485333,
      0.23650964644542988,
      2.712828906682385
    ],
    "rotation": [
      [
        0.827236174342156,
        -0.0586646881799352,
        0.5587832909281603
      ],
      [
        0.05053272020463962,
        0.9982718730088306,
        0.02999519541794801
      ],
      [
        -0.559577301226983,
        0.003423728989311786,
        0.8287710914548927
      ]
    ],
    "fx": 1159.5880733038064,
    "fy": 1164.6601287484507
  },
  {
    "id": 61,
    "img_name": "/Image Set Camera_00060",
    "width": 1959,
    "height": 1090,
    "position": [
      -0.5476917397165729,
      0.25100871692628074,
      2.746137788115094
    ],
    "rotation": [
      [
        0.7473618652372667,
        -0.05698831412144184,
        0.6619687110752815
      ],
      [
        0.0433136740491646,
        0.9983743605870299,
        0.03704810066389319
      ],
      [
        -0.6630038974466412,
        0.0009839593665951218,
        0.7486152975958537
      ]
    ],
    "fx": 1159.5880733038064,
    "fy": 1164.6601287484507
  },
  {
    "id": 62,
    "img_name": "/Image Set Camera_00061",
    "width": 1959,
    "height": 1090,
    "position": [
      -0.5243994975730343,
      0.2557267689698538,
      2.784111870502936
    ],
    "rotation": [
      [
        0.6688862181050279,
        -0.056939110705441866,
        0.7411809258886972
      ],
      [
        0.040410438269240116,
        0.998373014590064,
        0.040228350913698765
      ],
      [
        -0.742265601862326,
        0.003043256548697526,
        0.6700988844055314
      ]
    ],
    "fx": 1159.5880733038064,
    "fy": 1164.6601287484507
  },
  {
    "id": 63,
    "img_name": "/Image Set Camera_00062",
    "width": 1959,
    "height": 1090,
    "position": [
      -0.5084031341931715,
      0.27229115864847525,
      2.8445128871043543
    ],
    "rotation": [
      [
        0.5433886191276411,
        -0.05719203331850138,
        0.8375308232700757
      ],
      [
        0.041104435605250136,
        0.9982925720382521,
        0.04150139740810198
      ],
      [
        -0.8384743490269271,
        0.011874844763060957,
        0.5448116684559207
      ]
    ],
    "fx": 1159.5880733038064,
    "fy": 1164.6601287484507
  },
  {
    "id": 64,
    "img_name": "/Image Set Camera_00063",
    "width": 1959,
    "height": 1090,
    "position": [
      -0.5151328002880947,
      0.27595387343664857,
      2.879203628254372
    ],
    "rotation": [
      [
        0.49135430934186813,
        -0.05666169109285231,
        0.8691147193861544
      ],
      [
        0.04412351527703262,
        0.9982196277483241,
        0.04013340475955988
      ],
      [
        -0.8698413982392269,
        0.018628675221157714,
        0.49297962875633256
      ]
    ],
    "fx": 1159.5880733038064,
    "fy": 1164.6601287484507
  },
  {
    "id": 65,
    "img_name": "/Image Set Camera_00064",
    "width": 1959,
    "height": 1090,
    "position": [
      -0.5746080589573783,
      0.2590390085575891,
      2.937977392580193
    ],
    "rotation": [
      [
        0.42031336301840927,
        -0.05346090330802425,
        0.905802742701547
      ],
      [
        0.058495950570054786,
        0.9977827451951441,
        0.03174613610737207
      ],
      [
        -0.90549152433088,
        0.03964246723316004,
        0.42250866755204824
      ]
    ],
    "fx": 1159.5880733038064,
    "fy": 1164.6601287484507
  },
  {
    "id": 66,
    "img_name": "/Image Set Camera_00065",
    "width": 1959,
    "height": 1090,
    "position": [
      -0.598183144684587,
      0.2486458820223183,
      2.9491061353424732
    ],
    "rotation": [
      [
        0.41023450917478366,
        -0.052285416705254745,
        0.910480028711274
      ],
      [
        0.06401602110732538,
        0.9975434985231891,
        0.028441476679361845
      ],
      [
        -0.9097305076360311,
        0.046617633510015064,
        0.4125738718365659
      ]
    ],
    "fx": 1159.5880733038064,
    "fy": 1164.6601287484507
  },
  {
    "id": 67,
    "img_name": "/Image Set Camera_00066",
    "width": 1959,
    "height": 1090,
    "position": [
      -0.6698613761798045,
      0.20541277010800452,
      2.9836035943115085
    ],
    "rotation": [
      [
        0.39546682798620997,
        -0.04853327598753586,
        0.9171970939140851
      ],
      [
        0.08610583037442843,
        0.9961640797093929,
        0.015585643145802231
      ],
