[
  {
    "id": 1,
    "img_name": "/Image Set Camera_00001",
    "width": 1959,
    "height": 1090,
    "position": [
      3.0129280735591855,
      0.5865775024831309,
      5.642197475794029
    ],
    "rotation": [
      [
        0.733037251224613,
        0.06162450340299431,
        -0.6773911786386047
      ],
      [
        -0.11469478682930867,
        0.9928257307459104,
        -0.033796068455198267
      ],
      [
        0.670448725997181,
        0.10246701395660629,
        0.7348462538923184
      ]
    ],
    "fx": 1159.5880733038064,
    "fy": 1164.6601287484507
  },
  {
    "id": 2,
    "img_name": "/Image Set Camera_00002",
    "width": 1959,
    "height": 1090,
    "position": [
      2.8970568299967656,
      0.5646733540742142,
      5.514997101435633
    ],
    "rotation": [
      [
        0.7355815003024654,
        0.06101900683329129,
        -0.6746825455114819
      ],
      [
        -0.11369923399956308,
        0.9929277591432231,
        -0.034160639788068325
      ],
      [
        0.6678265797351036,
        0.10183882328413024,
        0.7373171050988964
      ]
    ],
    "fx": 1159.5880733038064,
    "fy": 1164.6601287484507
  },
  {
    "id": 3,
    "img_name": "/Image Set Camera_00003",
    "width": 1959,
    "height": 1090,
    "position": [
      2.784359861804806,
      0.5444880944436722,
      5.389670610339573
    ],
    "rotation": [
      [
        0.7374694528070305,
        0.05995521705973979,
        -0.6727140388930637
      ],
      [
        -0.11200916660527016,
        0.9931157054248314,
        -0.034280347648941445
      ],
      [
        0.6660275916002968,
        0.10063084808277699,
        0.739108029750218
      ]
    ],
    "fx": 1159.5880733038064,
    "fy": 1164.6601287484507
  },
  {
    "id": 4,
    "img_name": "/Image Set Camera_00004",
    "width": 1959,
    "height": 1090,
    "position": [
      2.5095535572668317,
      0.49556198527079326,
      5.077036177273238
    ],
    "rotation": [
      [
        0.7413660236697198,
        0.05445802602318284,
        -0.6688876903859172
      ],
      [
        -0.10581399022832719,
        0.9937204097780391,
        -0.036375082989946156
      ],
      [
        0.6627064345697179,
        0.09774492617125624,
        0.7424729698700605
      ]
    ],
    "fx": 1159.5880733038064,
    "fy": 1164.6601287484507
  },
  {
    "id": 5,
    "img_name": "/Image Set Camera_00005",
    "width": 1959,
    "height": 1090,
    "position": [
      2.4066985034071857,
      0.4769585976517128,
      4.957079831922178
    ],
    "rotation": [
      [
        0.7430945838888965,
        0.0512066221968228,
        -0.6672243410114619
      ],
      [
        -0.1025085010689839,
        0.9940106700387638,
        -0.037878688700613936
      ],
      [
        0.6612884745733725,
        0.09654361549206529,
        0.7438930593197803
      ]
    ],
    "fx": 1159.5880733038064,
    "fy": 1164.6601287484507
  },
  {
    "id": 6,
    "img_name": "/Image Set Camera_00006",
    "width": 1959,
    "height": 1090,
    "position": [
      2.3056218835540756,
      0.4600674924081328,
      4.838738177807334
    ],
    "rotation": [
      [
        0.7453903894715737,
        0.04893716297917489,
        -0.6648295430882756
      ],
      [
        -0.10007494743977455,
        0.9942145324041949,
        -0.03901882175610263
      ],
      [
        0.6590737228704707,
        0.09561703632647177,
        0.745975341540054
      ]
    ],
    "fx": 1159.5880733038064,
    "fy": 1164.6601287484507
  },
  {
    "id": 7,
    "img_name": "/Image Set Camera_00007",
    "width": 1959,
    "height": 1090,
    "position": [
      2.109543603091256,
      0.4302228924660489,
      4.598157967122637
    ],
    "rotation": [
      [
        0.7523112011795419,
        0.045449446535547736,
        -0.657238316282159
      ],
      [
        -0.09657270855215704,
        0.9944489084962518,
        -0.04177415892048192
      ],
      [
        0.6516913138462834,
        0.09489845204336017,
        0.7525242290166336
      ]
    ],
    "fx": 1159.5880733038064,
    "fy": 1164.6601287484507
  },
  {
    "id": 8,
    "img_name": "/Image Set Camera_00008",
    "width": 1959,
    "height": 1090,
    "position": [
      1.2064281298053834,
      0.2636143107216738,
      3.187001113607608
    ],
    "rotation": [
      [
        0.8702480882041945,
        0.040205363172077985,
        -0.4909702574995209
      ],
      [
        -0.07095026409334519,
        0.9965020067344484,
        -0.04415665973895479
      ],
      [
        0.48747751230393094,
        0.07326171815087723,
        0.870056547387325
      ]
    ],
    "fx": 1159.5880733038064,
    "fy": 1164.6601287484507
  },
  {
    "id": 9,
    "img_name": "/Image Set Camera_00009",
    "width": 1959,
    "height": 1090,
    "position": [
      1.0803823770768446,
      0.23883198297358663,
      2.9495381545343644
    ],
    "rotation": [
      [
        0.8799123364049218,
        0.03877920820888611,
        -0.47355089827084434
      ],
      [
        -0.062557959054065,
        0.9974428167286206,
        -0.034559067051433696
      ],
      [
        0.470999768578947,
        0.06003332713724455,
        0.8800881874172672
      ]
    ],
    "fx": 1159.5880733038064,
    "fy": 1164.6601287484507
  },
  {
    "id": 10,
    "img_name": "/Image Set Camera_00010",
    "width": 1959,
    "height": 1090,
    "position": [
      1.0154590735984024,
      0.2274195032904272,
      2.8336495117090315
    ],
    "rotation": [
      [
        0.8829450044644186,
        0.03627908709776317,
        -0.46807258724548334
      ],
      [
        -0.058331254268135097,
        0.9977616216770191,
        -0.03269879331032193
      ],
      [
        0.46583858134211453,
        0.05617449730792345,
        0.8830848441601568
      ]
    ],
    "fx": 1159.5880733038064,
    "fy": 1164.6601287484507
  },
  {
    "id": 11,
    "img_name": "/Image Set Camera_00011",
    "width": 1959,
    "height": 1090,
    "position": [
      0.8768981384753094,
      0.19647674357586237,
      2.5839877271496627
    ],
    "rotation": [
      [
        0.8907514557413934,
        0.029542383602349977,
        -0.45352959293267736
      ],
      [
        -0.04964600717866064,
        0.9982385196582017,
        -0.03248279301135238
      ],
      [
        0.4517710903386856,
        0.05145002858787923,
        0.8906490759510738
      ]
    ],
    "fx": 1159.5880733038064,
    "fy": 1164.6601287484507
  },
  {
    "id": 12,
    "img_name": "/Image Set Camera_00012",
    "width": 1959,
    "height": 1090,
    "position": [
      0.8627479434007721,
      0.19387476271802107,
      2.556387296931108
    ],
    "rotation": [
      [
        0.8914728662044696,
        0.028932329611148895,
        -0.45214936594499333
      ],
      [
        -0.048951466333530244,
        0.9982677976074334,
        -0.03263676153973666
      ],
      [
        0.4504218941891978,
        0.051228161818244224,
        0.8913449347316329
      ]
    ],
    "fx": 1159.5880733038064,
    "fy": 1164.6601287484507
  },
  {
    "id": 13,
    "img_name": "/Image Set Camera_00013",
    "width": 1959,
    "height": 1090,
    "position": [
      0.7528733480500123,
      0.17543338010343812,
      2.342189325305166
    ],
    "rotation": [
      [
        0.8979749147779901,
        0.02353540335316843,
        -0.4394168149018252
      ],
      [
        -0.04299687616827199,
        0.9984832367130814,
        -0.03438741983253485
      ],
      [
        0.437941001813294,
        0.04977259077014573,
        0.8976248482182275
      ]
    ],
    "fx": 1159.5880733038064,
    "fy": 1164.6601287484507
  },
  {
    "id": 14,
    "img_name": "/Image Set Camera_00014",
    "width": 1959,
    "height": 1090,
    "position": [
      0.6959676376431656,
      0.1650307714404577,
      2.2329146157794524
    ],
    "rotation": [
      [
        0.9006514189186023,
        0.020244903288718755,
        -0.4340704614353972
      ],
      [
        -0.03948849575648802,
        0.9985941603911056,
        -0.03536045157619945
      ],
      [
        0.4327443590652546,
        0.04898823046011504,
        0.9001846882576867
      ]
    ],
    "fx": 1159.5880733038064,
    "fy": 1164.6601287484507
  },
  {
    "id": 15,
    "img_name": "/Image Set Camera_00015",
    "width": 1959,
    "height": 1090,
    "position": [
      0.589567259748106,
      0.1443179460732455,
      2.0257582193916135
    ],
    "rotation": [
      [
        0.905464969706344,
        0.018986960841554382,
        -0.42399608954881973
      ],
      [
        -0.03613262747747915,
        0.9988205102788961,
        -0.032434880572916325
      ],
      [
        0.4228801507120702,
        0.044688740910959965,
        0.9050830318647731
      ]
    ],
    "fx": 1159.5880733038064,
    "fy": 1164.6601287484507
  },
  {
    "id": 16,
    "img_name": "/Image Set Camera_00016",
    "width": 1959,
    "height": 1090,
    "position": [
      0.4886549620522121,
      0.12638337621709606,
      1.8150309884804137
    ],
    "rotation": [
      [
        0.9111137271038933,
        0.013908931893699775,
        -0.4119202809967345
      ],
      [
        -0.025896452913418744,
        0.9993875708551466,
        -0.023534165520628945
      ],
      [
        0.41134067390589435,
        0.032109575422694325,
        0.910915926503
      ]
    ],
    "fx": 1159.5880733038064,
    "fy": 1164.6601287484507
  },
  {
    "id": 17,
    "img_name": "/Image Set Camera_00017",
    "width": 1959,
    "height": 1090,
    "position": [
      0.41340315095743385,
      0.11262317811862309,
      1.658021622169858
    ],
    "rotation": [
      [
        0.9158538233357757,
        0.009307728704260642,
        -0.4014039616989467
      ],
      [
        -0.018626733458558975,
        0.9996398328788059,
        -0.01931966155751479
      ],
      [
        0.40107956702119024,
        0.025170830506779027,
        0.9156973354824691
      ]
    ],
    "fx": 1159.5880733038064,
    "fy": 1164.6601287484507
  },
  {
    "id": 18,
    "img_name": "/Image Set Camera_00018",
    "width": 1959,
    "height": 1090,
    "position": [
      0.3653087275778339,
      0.10512966125365657,
      1.555059071998177
    ],
    "rotation": [
      [
        0.9190784054675561,
        0.005124227062776923,
        -0.394041402520374
      ],
      [
        -0.01368681285101965,
        0.9997272594179861,
        -0.018922947196029764
      ],
      [
        0.3938369659607836,
        0.022784843067523465,
        0.918897869825147
      ]
    ],
    "fx": 1159.5880733038064,
    "fy": 1164.6601287484507
  },
  {
    "id": 19,
    "img_name": "/Image Set Camera_00019",
    "width": 1959,
    "height": 1090,
    "position": [
      0.26161682824246546,
      0.09320265584860846,
      1.35292068759289
    ],
    "rotation": [
      [
        0.9272146204173953,
        0.0022318838426219987,
        -0.3745237861321209
      ],
      [
        -0.008521893076972079,
        0.9998490761012038,
        -0.015139430569013979
      ],
      [
        0.3744334720916524,
        0.0172291530285845,
        0.9270937014473281
      ]
    ],
    "fx": 1159.5880733038064,
    "fy": 1164.6601287484507
  },
  {
    "id": 20,
    "img_name": "/Image Set Camera_00020",
    "width": 1959,
    "height": 1090,
    "position": [
      0.20390156909016144,
      0.0831987191386587,
      1.2222746797238455
    ],
    "rotation": [
      [
        0.9322708758238335,
        0.00689437406564654,
        -0.3616952884637914
      ],
      [
        -0.009754231999955742,
        0.9999339326738325,
        -0.006081549599785245
      ],
      [
        0.3616294637453555,
        0.00919771132872461,
        0.9322765325039347
      ]
    ],
    "fx": 1159.5880733038064,
    "fy": 1164.6601287484507
  },
  {
    "id": 21,
    "img_name": "/Image Set Camera_00021",
    "width": 1959,
    "height": 1090,
    "position": [
      0.13484845202784063,
      0.07104963810515844,
      1.0687638046917753
    ],
    "rotation": [
      [
        0.935363453127145,
        0.009331613698813999,
        -0.3535648901401825
      ],
      [
        -0.0093644328852218,
        0.9999548438264438,
        0.0016179322514772202
      ],
      [
        0.35356402242140167,
        0.0017975799866210493,
        0.9354086009629109
      ]
    ],
    "fx": 1159.5880733038064,
    "fy": 1164.6601287484507
  },
  {
    "id": 22,
    "img_name": "/Image Set Camera_00022",
    "width": 1959,
    "height": 1090,
    "position": [
      0.08504638558186398,
      0.06321628346262814,
      0.9576673485756456
    ],
    "rotation": [
      [
        0.9361806136885247,
        0.0059786254734363765,
        -0.351468511521624
      ],
      [
        -0.005213725133404266,
        0.9999815327729454,
        0.003122688473732786
      ],
      [
        0.35148069025767387,
        -0.0010909401995767634,
        0.9361944959384616
      ]
    ],
    "fx": 1159.5880733038064,
    "fy": 1164.6601287484507
  },
  {
    "id": 23,
    "img_name": "/Image Set Camera_00023",
    "width": 1959,
    "height": 1090,
    "position": [
      0.045711228341645406,
      0.056756864717705344,
      0.8708929803909738
    ],
    "rotation": [
      [
        0.9367915567012118,
        0.002932956877961733,
        -0.3498756594238478
      ],
      [
        -0.0017952124243370872,
        0.9999919942957124,
        0.0035761091755641605
      ],
      [
        0.3498833469967838,
        -0.002721967750739414,
        0.936789322305657
      ]
    ],
    "fx": 1159.5880733038064,
    "fy": 1164.6601287484507
  },
  {
    "id": 24,
    "img_name": "/Image Set Camera_00024",
    "width": 1959,
    "height": 1090,
    "position": [
      0.007219328116148279,
      0.04937271463324739,
      0.7843023492447018
    ],
    "rotation": [
      [
        0.9383872171929644,
        -0.000828112183651853,
        -0.34558464207637435
      ],
      [
        0.0022885141426784413,
        0.9999900931130259,
        0.003817902411083208
      ],
      [
        0.34557805675688275,
        -0.004373546159934931,
        0.9383798158433098
      ]
    ],
    "fx": 1159.5880733038064,
    "fy": 1164.6601287484507
  },
  {
    "id": 25,
    "img_name": "/Image Set Camera_00025",
    "width": 1959,
    "height": 1090,
    "position": [
      -0.06867500880216981,
      0.03548474101636511,
      0.6121775853043093
    ],
    "rotation": [
      [
        0.9454421098228581,
        -0.008263671257392491,
        -0.32568532160822417
      ],
      [
        0.010585837444865832,
        0.9999296104205256,
        0.005358567891393504
      ],
      [
        0.32561811531193036,
        -0.008513867605591608,
        0.945463038430959
      ]
    ],
    "fx": 1159.5880733038064,
    "fy": 1164.6601287484507
  },
  {
    "id": 26,
    "img_name": "/Image Set Camera_00026",
    "width": 1959,
    "height": 1090,
    "position": [
      -0.1506211330297689,
      0.02321450057188377,
      0.4418983920722574
    ],
    "rotation": [
      [
        0.9517262429789507,
        -0.006178200393745682,
        -0.306885953189562
      ],
      [
        0.010528675825254727,
        0.9998661554100998,
        0.012522709403031861
      ],
      [
        0.3067675103568467,
        -0.01514929388852189,
        0.9516639078393911
      ]
    ],
    "fx": 1159.5880733038064,
    "fy": 1164.6601287484507
  },
  {
    "id": 27,
    "img_name": "/Image Set Camera_00027",
    "width": 1959,
    "height": 1090,
    "position": [
      -0.17080282998347068,
      0.020239551880274022,
      0.39867438913963577
    ],
    "rotation": [
      [
        0.9533792387833075,
        -0.004192948055435831,
        -0.3017456648297796
      ],
      [
        0.008752801241780798,
        0.9998670016222996,
        0.013761087793278844
      ],
      [
        0.30164783361957553,
        -0.015760655235010513,
        0.9532891409321623
      ]
    ],
    "fx": 1159.5880733038064,
    "fy": 1164.6601287484507
  },
  {
    "id": 28,
    "img_name": "/Image Set Camera_00028",
    "width": 1959,
    "height": 1090,
    "position": [
      -0.24691435746047982,
      0.006281485189997586,
      0.2394053237970147
    ],
    "rotation": [
      [
        0.9606005722765671,
        0.0034781014685462274,
        -0.2779108550454733
      ],
      [
        0.000529149382296935,
        0.9998969954701888,
        0.01434288850337218
      ],
      [
        0.27793211499008674,
        -0.01392484326171924,
        0.9604997856310399
      ]
    ],
    "fx": 1159.5880733038064,
    "fy": 1164.6601287484507
  },
  {
    "id": 29,
    "img_name": "/Image Set Camera_00029",
    "width": 1959,
    "height": 1090,
    "position": [
      -0.28258776456308143,
      -0.0019243391390655162,
      0.15926291367373516
    ],
    "rotation": [
      [
        0.9645399151352619,
        0.0036131008875927633,
        -0.26391229151526463
      ],
      [
        -0.00018694725245771036,
        0.9999153992597377,
        0.013006128323372038
      ],
      [
        0.2639369567938274,
        -0.012495592231474993,
        0.9644589898037126
      ]
    ],
    "fx": 1159.5880733038064,
    "fy": 1164.6601287484507
  },
  {
    "id": 30,
    "img_name": "/Image Set Camera_00030",
    "width": 1959,
    "height": 1090,
    "position": [
      -0.3489611832349655,
      -0.015587357844413471,
      0.00015597434001335321
    ],
    "rotation": [
      [
        0.9729139925606805,
        4.4561124338855424e-05,
        -0.23116738760894126
      ],
      [
        0.0032396741215814113,
        0.9998991464627642,
        0.013827559966298177
      ],
      [
        0.23114468973182628,
        -0.014201933577573652,
        0.9728157263795832
      ]
    ],
    "fx": 1159.5880733038064,
    "fy": 1164.6601287484507
  },
  {
    "id": 31,
    "img_name": "/Image Set Camera_00031",
    "width": 1959,
    "height": 1090,
    "position": [
      -0.3773738321183725,
      -0.022726808999994928,
      -0.07536636827515422
    ],
    "rotation": [
      [
        0.976424726777855,
        0.00047932662627528453,
        -0.21585764564355078
      ],
      [
        0.003196960555452146,
        0.9998557415882329,
        0.0166815903394061
      ],
      [
        0.21583450229284074,
        -0.0169784056680899,
        0.9762823369092425
      ]
    ],
    "fx": 1159.5880733038064,
    "fy": 1164.6601287484507
  },
  {
    "id": 32,
    "img_name": "/Image Set Camera_00032",
    "width": 1959,
    "height": 1090,
    "position": [
      -0.44641331149994923,
      -0.037101808700933644,
      -0.2617892723435133
    ],
    "rotation": [
      [
        0.9833114828210007,
        0.0026282277826419195,
        -0.1819110226761636
      ],
      [
        0.0014155755269583724,
        0.9997548478707406,
        0.022096160410350306
      ],
      [
        0.18192450054429898,
        -0.02198491704953659,
        0.9830667014623334
      ]
    ],
    "fx": 1159.5880733038064,
    "fy": 1164.6601287484507
  },
  {
    "id": 33,
    "img_name": "/Image Set Camera_00033",
    "width": 1959,
    "height": 1090,
    "position": [
      -0.47207543583475703,
      -0.04385172463662269,
      -0.33569597788784317
    ],
    "rotation": [
      [
        0.9857122177876209,
        0.001124322161450729,
        -0.16843443710799455
      ],
      [
        0.0031272442952098617,
        0.9996832026464348,
        0.02497428056391662
      ],
      [
        0.16840915666117381,
        -0.025144189114871388,
        0.9853964307355836
      ]
    ],
    "fx": 1159.5880733038064,
    "fy": 1164.6601287484507
  },
  {
    "id": 34,
    "img_name": "/Image Set Camera_00034",
    "width": 1959,
    "height": 1090,
    "position": [
      -0.5217713400615608,
      -0.05951713218722504,
      -0.4783255702927125
    ],
    "rotation": [
      [
        0.9896380265283238,
        -0.001736931626389049,
        -0.14357422999149266
      ],
      [
        0.005913252028164668,
        0.9995715366329991,
        0.028666646186750994
      ],
      [
        0.14346292168911168,
        -0.029218593766131326,
        0.9892242738018278
      ]
    ],
    "fx": 1159.5880733038064,
    "fy": 1164.6601287484507
  },
  {
    "id": 35,
    "img_name": "/Image Set Camera_00035",
    "width": 1959,
    "height": 1090,
    "position": [
      -0.54559621806131,
      -0.0670697219674178,
      -0.549416373846942
    ],
    "rotation": [
      [
        0.991251406679987,
        -0.0016531704161569013,
        -0.13197695170946402
      ],
      [
        0.0056060818045902665,
        0.9995465295962165,
        0.029585588027961844
      ],
      [
        0.1318681940490098,
        -0.03006662933777548,
        0.9908111713129387
      ]
    ],
    "fx": 1159.5880733038064,
    "fy": 1164.6601287484507
  },
  {
    "id": 36,
    "img_name": "/Image Set Camera_00036",
    "width": 1959,
    "height": 1090,
    "position": [
      -0.5890688265127815,
      -0.08210373627928223,
      -0.6870663239600423
    ],
    "rotation": [
      [
        0.9940747954844387,
        -0.0011530731924090526,
        -0.108692094490742
      ],
      [
        0.004351584745032061,
        0.9995642725158612,
        0.02919467108984027
      ],
      [
        0.10861107076526888,
        -0.029494669553159915,
        0.9936466674704704
      ]
    ],
    "fx": 1159.5880733038064,
    "fy": 1164.6601287484507
  },
  {
    "id": 37,
    "img_name": "/Image Set Camera_00037",
    "width": 1959,
    "height": 1090,
    "position": [
      -0.5997338857733571,
      -0.08626494639400818,
      -0.7214773097448468
    ],
    "rotation": [
      [
        0.9946937678212713,
        -0.0014719901662590081,
        -0.1028695363189375
      ],
      [
        0.004380318692293406,
        0.9995968725124591,
        0.02805183187359659
      ],
      [
        0.10278677476055327,
        -0.028353583693442024,
        0.9942992272078172
      ]
    ],
    "fx": 1159.5880733038064,
    "fy": 1164.6601287484507
  },
  {
    "id": 38,
    "img_name": "/Image Set Camera_00038",
    "width": 1959,
    "height": 1090,
    "position": [
      -0.6282483358835117,
      -0.09610315750487566,
      -0.8201948917313325
    ],
    "rotation": [
      [
        0.9963048436484733,
        -0.002279396789486751,
        -0.08585722376636289
      ],
      [
        0.004035802641825136,
        0.9997860059391377,
        0.020289273651435114
      ],
      [
        0.08579260352517265,
        -0.02056080442353021,
        0.9961008395247088
      ]
    ],
    "fx": 1159.5880733038064,
    "fy": 1164.6601287484507
  },
  {
    "id": 39,
    "img_name": "/Image Set Camera_00039",
    "width": 1959,
    "height": 1090,
    "position": [
      -0.6536145669922101,
      -0.10740777768356141,
      -0.9149691476284617
    ],
    "rotation": [
      [
        0.9978001935364189,
        -0.003119259643312965,
        -0.0662196647376177
      ],
      [
        0.004011131947491794,
        0.9999029767504969,
        0.013339711615895405
      ],
      [
        0.06617162986646694,
        -0.013575982644841705,
        0.9977158954812949
      ]
    ],
    "fx": 1159.5880733038064,
    "fy": 1164.6601287484507
  },
  {
    "id": 40,
    "img_name": "/Image Set Camera_00040",
    "width": 1959,
    "height": 1090,
    "position": [
      -0.6861164482094457,
      -0.12113044191265969,
      -1.0376901921789425
    ],
    "rotation": [
      [
        0.99929486053992,
        -0.008693299773716941,
        -0.03652681532170493
      ],
      [
        0.008991795557735199,
        0.9999274458777828,
        0.008015646760033907
      ],
      [
        0.03645448273051668,
        -0.008338436266953266,
        0.9993005259527649
      ]
    ],
    "fx": 1159.5880733038064,
    "fy": 1164.6601287484507
  },
  {
    "id": 41,
    "img_name": "/Image Set Camera_00041",
    "width": 1959,
    "height": 1090,
    "position": [
      -0.7160412089699759,
      -0.13419553098275275,
      -1.1614558913916846
    ],
    "rotation": [
      [
        0.9998027822128916,
        -0.016492053668669873,
        -0.011063853087907239
      ],
      [
        0.016540121388179015,
        0.9998540969422626,
        0.004267225355757222
      ],
      [
        0.0109918635283279,
        -0.004449381256110432,
        0.9999296884994526
      ]
    ],
    "fx": 1159.5880733038064,
    "fy": 1164.6601287484507
  },
  {
    "id": 42,
    "img_name": "/Image Set Camera_00042",
    "width": 1959,
    "height": 1090,
    "position": [
      -0.7297694466290109,
      -0.14161786543553131,
      -1.2343452637326062
    ],
    "rotation": [
      [
        0.9998525728115788,
        -0.016623053583872678,
        -0.004301945096597929
      ],
      [
        0.016632951220833355,
        0.999859074099475,
        0.0022752746264860413
      ],
      [
        0.004263516829077079,
        -0.0023464932320913894,
        0.999988158126765
      ]
    ],
    "fx": 1159.5880733038064,
    "fy": 1164.6601287484507
  },
  {
    "id": 43,
    "img_name": "/Image Set Camera_00043",
    "width": 1959,
    "height": 1090,
    "position": [
      -0.7401948036012163,
      -0.14652704606327732,
      -1.2941530012249423
    ],
    "rotation": [
      [
        0.9998602446016722,
        -0.01667950371656051,
        -0.0011337640200747392
      ],
      [
        0.016682189747834867,
        0.9998579562745327,
        0.0024024611822135718
      ],
      [
        0.0010935311157919032,
        -0.0024210390918062395,
        0.9999964713734817
      ]
    ],
    "fx": 1159.5880733038064,
    "fy": 1164.6601287484507
  },
  {
    "id": 44,
    "img_name": "/Image Set Camera_00044",
    "width": 1959,
    "height": 1090,
    "position": [
      -0.7503584361781727,
      -0.15009191806435823,
      -1.3552028125896542
    ],
    "rotation": [
      [
        0.999866492746004,
        -0.016160555973781927,
        0.002415184138572053
      ],
      [
        0.01615396537711191,
        0.9998658059962134,
        0.0027238579510590988
      ],
      [
        -0.002458879094225338,
        -0.0026844794953099355,
        0.9999933737197658
      ]
    ],
    "fx": 1159.5880733038064,
    "fy": 1164.6601287484507
  },
  {
    "id": 45,
    "img_name": "/Image Set Camera_00045",
    "width": 1959,
    "height": 1090,
    "position": [
      -0.7662879949073357,
      -0.1578659362670858,
      -1.4819713385590592
    ],
    "rotation": [
      [
        0.999821073062703,
        -0.013933306433852719,
        0.01279393729723342
      ],
      [
        0.013899205602362349,
        0.9998996185067796,
        0.002750453348082495
      ],
      [
        -0.012830975932034205,
        -0.0025721356529307647,
        0.9999143714212805
      ]
    ],
    "fx": 1159.5880733038064,
    "fy": 1164.6601287484507
  },
  {
    "id": 46,
    "img_name": "/Image Set Camera_00046",
    "width": 1959,
    "height": 1090,
    "position": [
      -0.7726852397790628,
      -0.16132198819041652,
      -1.546545446936384
    ],
    "rotation": [
      [
        0.9996640164687208,
        -0.013580546733214752,
        0.022077656760895396
      ],
      [
        0.013521322118635578,
        0.9999045789574645,
        0.00282963390912582
      ],
      [
        -0.022113978063411303,
        -0.0025301640900440656,
        0.9997522544330113
      ]
    ],
    "fx": 1159.5880733038064,
    "fy": 1164.6601287484507
  },
  {
    "id": 47,
    "img_name": "/Image Set Camera_00047",
    "width": 1959,
    "height": 1090,
    "position": [
      -0.7847344450268249,
      -0.1684341143766406,
      -1.7061667779541068
    ],
    "rotation": [
      [
        0.9981377123889853,
        -0.01564159794755995,
        0.05896140704333653
      ],
      [
        0.01545304587090365,
        0.9998739232672108,
        0.003652525639542635
      ],
      [
        -0.059011104719322735,
        -0.002734590258641501,
        0.9982535807779116
      ]
    ],
    "fx": 1159.5880733038064,
    "fy": 1164.6601287484507
  },
  {
    "id": 48,
    "img_name": "/Image Set Camera_00048",
    "width": 1959,
    "height": 1090,
    "position": [
      -0.7869438435614659,
      -0.17116683989238185,
      -1.7715463901994606
    ],
    "rotation": [
      [
        0.9970669218804277,
        -0.020068437252155076,
        0.07385669311677509
      ],
      [
        0.019791318708676196,
        0.9997940858854876,
        0.0044821347786442745
      ],
      [
        -0.07393143442177207,
        -0.003007266974953071,
        0.9972587925657415
      ]
    ],
    "fx": 1159.5880733038064,
    "fy": 1164.6601287484507
  },
  {
    "id": 49,
    "img_name": "/Image Set Camera_00049",
    "width": 1959,
    "height": 1090,
    "position": [
      -0.7914811190866647,
      -0.17571318978343847,
      -1.899459275672193
    ],
    "rotation": [
      [
        0.9951776482598718,
        -0.023293614983309476,
        0.09528303051939623
      ],
      [
        0.022624416801541973,
        0.9997112396984661,
        0.00809771479777132
      ],
      [
        -0.09544414161351633,
        -0.005902941772140362,
        0.9954172849162776
      ]
    ],
    "fx": 1159.5880733038064,
    "fy": 1164.6601287484507
  },
  {
    "id": 50,
    "img_name": "/Image Set Camera_00050",
    "width": 1959,
    "height": 1090,
    "position": [
      -0.7942304730131918,
      -0.1790935071152985,
      -1.962303067409104
    ],
    "rotation": [
      [
        0.9949020262933843,
        -0.02348397492407733,
        0.09807375285510103
      ],
      [
        0.02272371588824013,
        0.9997025056794523,
        0.00886187759198257
      ],
      [
        -0.0982526885817822,
        -0.006588099877054601,
        0.9951396917651618
      ]
    ],
    "fx": 1159.5880733038064,
    "fy": 1164.6601287484507
  },
  {
    "id": 51,
    "img_name": "/Image Set Camera_00051",
    "width": 1959,
    "height": 1090,
    "position": [
      -0.7964707209255011,
      -0.18184819900757893,
      -2.028562018175289
    ],
    "rotation": [
      [
        0.9946403752755693,
        -0.024852601430338635,
        0.10036369898434153
      ],
      [
        0.024157879061614398,
        0.9996750836227802,
        0.008131670371563045
      ],
      [
        -0.10053318233757051,
        -0.005663513567748701,
        0.9949175864679188
      ]
    ],
    "fx": 1159.5880733038064,
    "fy": 1164.6601287484507
  },
  {
    "id": 52,
    "img_name": "/Image Set Camera_00052",
    "width": 1959,
    "height": 1090,
    "position": [
      -0.7981034594048432,
      -0.18586777932572404,
      -2.124999574535044
    ],
    "rotation": [
      [
        0.9940185334780204,
        -0.02694421350443398,
        0.10583555385990713
      ],
      [
        0.02627105257238554,
        0.9996248167718795,
        0.007749676801344488
      ],
      [
        -0.10600465508148584,
        -0.004922910969519922,
        0.9943534472453149
      ]
    ],
    "fx": 1159.5880733038064,
    "fy": 1164.6601287484507
  },
  {
    "id": 53,
    "img_name": "/Image Set Camera_00053",
    "width": 1959,
    "height": 1090,
    "position": [
      -0.7973359252326224,
      -0.19174696055814083,
      -2.2529197205355262
    ],
    "rotation": [
      [
        0.992737423717137,
        -0.030139780184633137,
        0.1164645920521927
      ],
      [
        0.029782665652969345,
        0.9995448454020741,
        0.004805710847234608
      ],
      [
        -0.11655642572619114,
        -0.0013021830001132585,
        0.9931832177102919
      ]
    ],
    "fx": 1159.5880733038064,
    "fy": 1164.6601287484507
  },
  {
    "id": 54,
    "img_name": "/Image Set Camera_00054",
    "width": 1959,
    "height": 1090,
    "position": [
      -0.7957340878146083,
      -0.19488159160063181,
      -2.3177715079348773
    ],
    "rotation": [
      [
        0.9920611614607276,
        -0.031674287799412226,
        0.1217020600219739
      ],
      [
        0.03143129297469459,
        0.9994982420643237,
        0.003916367228114307
      ],
      [
        -0.1217650431902812,
        -6.002271685528332e-05,
        0.9925589507198767
      ]
    ],
    "fx": 1159.5880733038064,
    "fy": 1164.6601287484507
  },
  {
    "id": 55,
    "img_name": "/Image Set Camera_00055",
    "width": 1959,
    "height": 1090,
    "position": [
      -0.7880811210526694,
      -0.2021156556968306,
      -2.4488676579330124
    ],
    "rotation": [
      [
        0.9898465936908505,
        -0.037123094435768236,
        0.13720640224906955
      ],
      [
        0.037022736985978716,
        0.9993090267659643,
        0.003284200074332204
      ],
      [
        -0.1372335159670825,
        0.00182890228668273,
        0.9905370347502098
      ]
    ],
    "fx": 1159.5880733038064,
    "fy": 1164.6601287484507
  },
  {
    "id": 56,
    "img_name": "/Image Set Camera_00056",
    "width": 1959,
    "height": 1090,
    "position": [
      -0.7828352333415066,
      -0.2054465779832938,
      -2.514839784884868
    ],
    "rotation": [
      [
        0.9885656102311504,
        -0.03929272182708687,
        0.14558199160518617
      ],
      [
        0.03934941777388799,
        0.9992224060731956,
        0.002491289254553235
      ],
      [
        -0.14556667746833188,
        0.0032657637258373985,
        0.9893430533430342
      ]
    ],
    "fx": 1159.5880733038064,
    "fy": 1164.6601287484507
  },
  {
    "id": 57,
    "img_name": "/Image Set Camera_00057",
    "width": 1959,
    "height": 1090,
    "position": [
      -0.7608175687471791,
      -0.21308523820689632,
      -2.6885365661795646
    ],
    "rotation": [
      [
        0.9857944364657217,
        -0.039069189239506585,
        0.16334909698372307
      ],
      [
        0.03986532292578848,
        0.9992037852119053,
        -0.0015973873115592138
      ],
      [
        -0.16315662738991862,
        0.00808666002550807,
        0.9865670382028678
      ]
    ],
    "fx": 1159.5880733038064,
    "fy": 1164.6601287484507
  },
  {
    "id": 58,
    "img_name": "/Image Set Camera_00058",
    "width": 1959,
    "height": 1090,
    "position": [
      -0.7513434180108259,
      -0.21632606551545236,
      -2.7576457931139515
    ],
    "rotation": [
      [
        0.9845061838498225,
        -0.04050565797931965,
        0.1706073434325787
      ],
      [
        0.04156626277927872,
        0.9991322409772191,
        -0.0026477987846444213
      ],
      [
        -0.17035204653899352,
        0.009698283946265696,
        0.9853355385494192
      ]
    ],
    "fx": 1159.5880733038064,
    "fy": 1164.6601287484507
  },
  {
    "id": 59,
    "img_name": "/Image Set Camera_00059",
    "width": 1959,
    "height": 1090,
    "position": [
      -0.7398105742519643,
      -0.219390727200073,
      -2.8269227151306686
    ],
    "rotation": [
      [
        0.9830833003776964,
        -0.043630983234887524,
        0.17788637334111024
      ],
      [
        0.04496929923939197,
        0.9989822502108862,
        -0.003496553948174521
      ],
      [
        -0.17755277143546339,
        0.011436829348706656,
        0.9840448222972542
      ]
    ],
    "fx": 1159.5880733038064,
    "fy": 1164.6601287484507
  },
  {
    "id": 60,
    "img_name": "/Image Set Camera_00060",
    "width": 1959,
    "height": 1090,
    "position": [
      -0.7192465767939404,
      -0.2246347438218816,
      -2.9654668442864986
    ],
    "rotation": [
      [
        0.9802966218303582,
        -0.04717831636912637,
        0.19181433651466837
      ],
      [
        0.048384962014830404,
        0.9988274659729556,
        -0.0016089340780840473
      ],
      [
        -0.19151352087727705,
        0.010858162027655657,
        0.9814299117301093
      ]
    ],
    "fx": 1159.5880733038064,
    "fy": 1164.6601287484507
  },
  {
    "id": 61,
    "img_name": "/Image Set Camera_00061",
    "width": 1959,
    "height": 1090,
    "position": [
      -0.694027367173137,
      -0.22773252608005348,
      -3.1157373776724855
    ],
    "rotation": [
      [
        0.9773505076667119,
        -0.047629465182592964,
        0.20619752474275907
      ],
      [
        0.048850106217404134,
        0.9988057762384903,
        -0.0008297440419920473
      ],
      [
        -0.20591175849418825,
        0.010883721746123953,
        0.9785100369003805
      ]
    ],
    "fx": 1159.5880733038064,
    "fy": 1164.6601287484507
  },
  {
    "id": 62,
    "img_name": "/Image Set Camera_00062",
    "width": 1959,
    "height": 1090,
    "position": [
      -0.6784488648450058,
      -0.23044000728725658,
      -3.198739855698275
    ],
    "rotation": [
      [
        0.9750976246163628,
        -0.04578872761588145,
        0.21699773015136656
      ],
      [
        0.04692266222084547,
        0.9988985225797237,
        -7.319941043581503e-05
      ],
      [
        -0.21675536034348752,
        0.01025348776582203,
        0.9761721055997251
      ]
    ],
    "fx": 1159.5880733038064,
    "fy": 1164.6601287484507
  },
  {
    "id": 63,
    "img_name": "/Image Set Camera_00063",
    "width": 1959,
    "height": 1090,
    "position": [
      -0.6646496281112282,
      -0.23292925799251546,
      -3.266369431602662
    ],
    "rotation": [
      [
        0.9726368296211083,
        -0.045600611023530295,
        0.22781172476165457
      ],
      [
        0.046324318403201885,
        0.9989240911453159,
        0.0021720161103197227
      ],
      [
        -0.22766566537156616,
        0.008440640010414127,
        0.9737027782681617
      ]
    ],
    "fx": 1159.5880733038064,
    "fy": 1164.6601287484507
  },
  {
    "id": 64,
    "img_name": "/Image Set Camera_00064",
    "width": 1959,
    "height": 1090,
    "position": [
      -0.6361266165046148,
      -0.2363553360304845,
      -3.3985054521352898
    ],
    "rotation": [
      [
        0.9678211225568889,
        -0.043829519928709926,
        0.24779275194311529
      ],
      [
        0.044225276560537076,
        0.9990136892504117,
        0.0039715996054356315
      ],
      [
        -0.24772242459225902,
        0.007114904995901623,
        0.9688049228203952
      ]
    ],
    "fx": 1159.5880733038064,
    "fy": 1164.6601287484507
  },
  {
    "id": 65,
    "img_name": "/Image Set Camera_00065",
    "width": 1959,
    "height": 1090,
    "position": [
      -0.621928220330305,
      -0.23826648115459867,
      -3.4601116441854676
    ],
    "rotation": [
      [
        0.9655594184912889,
        -0.04211227152802031,
        0.25675195412988444
      ],
      [
        0.041936221986881704,
        0.99910127795744,
        0.006163576013758955
      ],
      [
        -0.25678076767591257,
        0.0048159080722845506,
        0.9664576785256601
      ]
    ],
    "fx": 1159.5880733038064,
    "fy": 1164.6601287484507
  },
  {
    "id": 66,
    "img_name": "/Image Set Camera_00066",
    "width": 1959,
    "height": 1090,
    "position": [
      -0.5876718110763417,
      -0.24259418618764328,
      -3.586850423028222
    ],
    "rotation": [
      [
        0.960772587805626,
        -0.044630114344245644,
        0.2737228295464232
      ],
      [
        0.0429688065931969,
        0.9990035655420373,
        0.01206472934850658
      ],
      [
        -0.2739885329374883,
        0.00017008208558370874,
        0.9617329436443607
      ]
    ],
    "fx": 1159.5880733038064,
    "fy": 1164.6601287484507
  },
  {
    "id": 67,
    "img_name": "/Image Set Camera_00067",
    "width": 1959,
    "height": 1090,
    "position": [
      -0.5785644522343506,
      -0.243773911743064,
