[
  {
    "id": 1,
    "img_name": "/Image Set Camera_00000",
    "width": 1959,
    "height": 1090,
    "position": [
      -2.8803282459088955,
      -0.22813752686319055,
      4.671775701350796
    ],
    "rotation": [
      [
        0.9196453956702986,
        0.007541599315259862,
        0.3926773109083181
      ],
      [
        -0.09377487590135367,
        0.9751147109038021,
        0.20089194416073547
      ],
      [
        -0.38139037595632325,
        -0.22157261757437993,
        0.8974669666729421
      ]
    ],
    "fx": 1159.5880733038064,
    "fy": 1164.6601287484507
  },
  {
    "id": 2,
    "img_name": "/Image Set Camera_00001",
    "width": 1959,
    "height": 1090,
    "position": [
      -2.7512666500418397,
      -0.2223589884664844,
      4.676758435442054
    ],
    "rotation": [
      [
        0.9284763906007728,
        0.00923879507447994,
        0.3712764963777439
      ],
      [
        -0.09056668043239896,
        0.9751432585298117,
        0.2022209230997541
      ],
      [
        -0.3601794948250342,
        -0.22138263258312,
        0.9062342199995266
      ]
    ],
    "fx": 1159.5880733038064,
    "fy": 1164.6601287484507
  },
  {
    "id": 3,
    "img_name": "/Image Set Camera_00002",
    "width": 1959,
    "height": 1090,
    "position": [
      -2.496704332717951,
      -0.21294906282414539,
      4.68036131867668
    ],
    "rotation": [
      [
        0.9442076293504285,
        0.013195013122241661,
        0.32908637818230624
      ],
      [
        -0.08497243404965879,
        0.975129018032285,
        0.20470242705710168
      ],
      [
        -0.3182006255935403,
        -0.22124486394060205,
        0.9218454708093891
      ]
    ],
    "fx": 1159.5880733038064,
    "fy": 1164.6601287484507
  },
  {
    "id": 4,
    "img_name": "/Image Set Camera_00003",
    "width": 1959,
    "height": 1090,
    "position": [
      -2.370270912143901,
      -0.20768892424901553,
      4.678045729476866
    ],
    "rotation": [
      [
        0.95125643684322,
        0.015017505219424175,
        0.3080351699097453
      ],
      [
        -0.08200590357334196,
        0.9751722926102405,
        0.20570374693818103
      ],
      [
        -0.297298205752172,
        -0.22093771579853005,
        0.9288704444615876
      ]
    ],
    "fx": 1159.5880733038064,
    "fy": 1164.6601287484507
  },
  {
    "id": 5,
    "img_name": "/Image Set Camera_00004",
    "width": 1959,
    "height": 1090,
    "position": [
      -2.023385691536506,
      -0.190146823097474,
      4.652863982703845
    ],
    "rotation": [
      [
        0.9680516974508027,
        0.01962240007455215,
        0.24998174428932582
      ],
      [
        -0.07380063244637892,
        0.9750725222079402,
        0.2092535378089474
      ],
      [
        -0.23964427327423066,
        -0.22101705330213847,
        0.9453687557966497
      ]
    ],
    "fx": 1159.5880733038064,
    "fy": 1164.6601287484507
  },
  {
    "id": 6,
    "img_name": "/Image Set Camera_00005",
    "width": 1959,
    "height": 1090,
    "position": [
      -1.9929304345847911,
      -0.18893850595541872,
      4.649346361362452
    ],
    "rotation": [
      [
        0.9693796629986954,
        0.02003846233908427,
        0.24474788863567526
      ],
      [
        -0.07307216249321308,
        0.9750557004850324,
        0.20958730882428933
      ],
      [
        -0.2344430166012655,
        -0.22105393228514997,
        0.9466634201172933
      ]
    ],
    "fx": 1159.5880733038064,
    "fy": 1164.6601287484507
  },
  {
    "id": 7,
    "img_name": "/Image Set Camera_00006",
    "width": 1959,
    "height": 1090,
    "position": [
      -1.7503672741306953,
      -0.17506327939285404,
      4.614715173114812
    ],
    "rotation": [
      [
        0.9792057589457471,
        0.023115768442538973,
        0.20154836366687348
      ],
      [
        -0.06661002387192769,
        0.9750424691733188,
        0.21179067030485296
      ],
      [
        -0.19162251007453324,
        -0.22081178536869045,
        0.9563069429189703
      ]
    ],
    "fx": 1159.5880733038064,
    "fy": 1164.6601287484507
  },
  {
    "id": 8,
    "img_name": "/Image Set Camera_00007",
    "width": 1959,
    "height": 1090,
    "position": [
      -1.6301356002434062,
      -0.16614036902869556,
      4.59480441488196
    ],
    "rotation": [
      [
        0.98353569724126,
        0.024646817692546515,
        0.17902532399015247
      ],
      [
        -0.06313905889895438,
        0.9750901325670857,
        0.21263276467105852
      ],
      [
        -0.16932510591611352,
        -0.2204354049329049,
        0.9605921302814026
      ]
    ],
    "fx": 1159.5880733038064,
    "fy": 1164.6601287484507
  },
  {
    "id": 9,
    "img_name": "/Image Set Camera_00008",
    "width": 1959,
    "height": 1090,
    "position": [
      -1.387647235507899,
      -0.14461155616908283,
      4.563051601068049
    ],
    "rotation": [
      [
        0.9910786254789785,
        0.02797438617696327,
        0.13030959994075952
      ],
      [
        -0.05524835169849327,
        0.9759942684951646,
        0.21067227510801745
      ],
      [
        -0.12128799509142801,
        -0.21599217944780022,
        0.9688325968216032
      ]
    ],
    "fx": 1159.5880733038064,
    "fy": 1164.6601287484507
  },
  {
    "id": 10,
    "img_name": "/Image Set Camera_00009",
    "width": 1959,
    "height": 1090,
    "position": [
      -1.1486629373786041,
      -0.13089719477507034,
      4.524362173010009
    ],
    "rotation": [
      [
        0.9960282379054931,
        0.03056384537698808,
        0.08362775048182182
      ],
      [
        -0.047651881599824905,
        0.9763884862245553,
        0.21070078820003882
      ],
      [
        -0.07521334638795533,
        -0.21384895446060267,
        0.9739669281865952
      ]
    ],
    "fx": 1159.5880733038064,
    "fy": 1164.6601287484507
  },
  {
    "id": 11,
    "img_name": "/Image Set Camera_00010",
    "width": 1959,
    "height": 1090,
    "position": [
      -1.028084849492568,
      -0.12110425480062925,
      4.498759587506953
    ],
    "rotation": [
      [
        0.9977910207628712,
        0.03195393035808358,
        0.058241095625499104
      ],
      [
        -0.0435280128238306,
        0.9767704178276174,
        0.20982102601138464
      ],
      [
        -0.05018357285602754,
        -0.21189265487867306,
        0.9760036433455929
      ]
    ],
    "fx": 1159.5880733038064,
    "fy": 1164.6601287484507
  },
  {
    "id": 12,
    "img_name": "/Image Set Camera_00011",
    "width": 1959,
    "height": 1090,
    "position": [
      -0.9098121657772672,
      -0.11167787543545327,
      4.47406456024812
    ],
    "rotation": [
      [
        0.9989476176307718,
        0.03295845801167271,
        0.03189666558275544
      ],
      [
        -0.038927466390512214,
        0.9770107352049358,
        0.2096060009988417
      ],
      [
        -0.024255094108678907,
        -0.2106270717163482,
        0.9772655355991918
      ]
    ],
    "fx": 1159.5880733038064,
    "fy": 1164.6601287484507
  },
  {
    "id": 13,
    "img_name": "/Image Set Camera_00012",
    "width": 1959,
    "height": 1090,
    "position": [
      -0.6672577113992427,
      -0.08531262982576726,
      4.418840815584493
    ],
    "rotation": [
      [
        0.9990922942464052,
        0.03475247945506392,
        -0.024634381445042486
      ],
      [
        -0.028934939930623654,
        0.9780655479778209,
        0.20627785414352176
      ],
      [
        0.03126270667529755,
        -0.20537782020113612,
        0.9781833131580011
      ]
    ],
    "fx": 1159.5880733038064,
    "fy": 1164.6601287484507
  },
  {
    "id": 14,
    "img_name": "/Image Set Camera_00013",
    "width": 1959,
    "height": 1090,
    "position": [
      -0.5423035395684834,
      -0.07504107502704638,
      4.389290063110718
    ],
    "rotation": [
      [
        0.9978296706941797,
        0.0354498344187347,
        -0.055491058036671495
      ],
      [
        -0.023367587888538988,
        0.9785012295393563,
        0.2049129074173693
      ],
      [
        0.0615621971555301,
        -0.20317148675356062,
        0.9772059367665198
      ]
    ],
    "fx": 1159.5880733038064,
    "fy": 1164.6601287484507
  },
  {
    "id": 15,
    "img_name": "/Image Set Camera_00014",
    "width": 1959,
    "height": 1090,
    "position": [
      -0.18233890417815157,
      -0.04057815900260664,
      4.307291620269781
    ],
    "rotation": [
      [
        0.9882534227976554,
        0.03795458432583063,
        -0.14803588030397274
      ],
      [
        -0.00813306796885339,
        0.9803582293612707,
        0.19705734020596197
      ],
      [
        0.15260742293261081,
        -0.1935386050696027,
        0.9691510629481761
      ]
    ],
    "fx": 1159.5880733038064,
    "fy": 1164.6601287484507
  },
  {
    "id": 16,
    "img_name": "/Image Set Camera_00015",
    "width": 1959,
    "height": 1090,
    "position": [
      -0.15237187331028407,
      -0.03847051264168566,
      4.293549231341359
    ],
    "rotation": [
      [
        0.9870231512944038,
        0.03828767750032182,
        -0.1559466336940174
      ],
      [
        -0.006941149181726447,
        0.9804232580776434,
        0.19677920486793202
      ],
      [
        0.16042792542728246,
        -0.19314318204909509,
        0.9679662142714737
      ]
    ],
    "fx": 1159.5880733038064,
    "fy": 1164.6601287484507
  },
  {
    "id": 17,
    "img_name": "/Image Set Camera_00016",
    "width": 1959,
    "height": 1090,
    "position": [
      0.08785573751175202,
      -0.01955347677000574,
      4.174338279243266
    ],
    "rotation": [
      [
        0.9736210402223272,
        0.04062633711528842,
        -0.22452521187828442
      ],
      [
        0.0038350958454244286,
        0.9809683149763448,
        0.1941300003923325
      ],
      [
        0.22813890960607747,
        -0.189870128627611,
        0.9549355853557266
      ]
    ],
    "fx": 1159.5880733038064,
    "fy": 1164.6601287484507
  },
  {
    "id": 18,
    "img_name": "/Image Set Camera_00017",
    "width": 1959,
    "height": 1090,
    "position": [
      0.20397588018891102,
      -0.0097137529433452,
      4.108606275918745
    ],
    "rotation": [
      [
        0.9656884158800315,
        0.04160913603751754,
        -0.2563485190776937
      ],
      [
        0.0089083394218605,
        0.9811935716348352,
        0.19282068475975372
      ],
      [
        0.2595506211201588,
        -0.18848834123278488,
        0.9471565975568417
      ]
    ],
    "fx": 1159.5880733038064,
    "fy": 1164.6601287484507
  },
  {
    "id": 19,
    "img_name": "/Image Set Camera_00018",
    "width": 1959,
    "height": 1090,
    "position": [
      0.42724705549900877,
      0.009735726780762621,
      3.978048370981889
    ],
    "rotation": [
      [
        0.9471830351667384,
        0.04359179959408295,
        -0.3177169383279313
      ],
      [
        0.01832814782418212,
        0.9817408594730667,
        0.18933822603589426
      ],
      [
        0.3201692941080705,
        -0.1851611186216852,
        0.9290893300760191
      ]
    ],
    "fx": 1159.5880733038064,
    "fy": 1164.6601287484507
  },
  {
    "id": 20,
    "img_name": "/Image Set Camera_00019",
    "width": 1959,
    "height": 1090,
    "position": [
      0.6313687543103613,
      0.027940243269781617,
      3.8439687945038408
    ],
    "rotation": [
      [
        0.9255512998652112,
        0.04624535278596157,
        -0.3757873849180145
      ],
      [
        0.02629951792898049,
        0.9822630538718947,
        0.1856545942199179
      ],
      [
        0.37770772652213674,
        -0.18171587807332934,
        0.9079186158359777
      ]
    ],
    "fx": 1159.5880733038064,
    "fy": 1164.6601287484507
  },
  {
    "id": 21,
    "img_name": "/Image Set Camera_00020",
    "width": 1959,
    "height": 1090,
    "position": [
      0.7293865993063241,
      0.03528128366854921,
      3.7743552124718844
    ],
    "rotation": [
      [
        0.9136632135951015,
        0.047565615235028884,
        -0.40367938313763957
      ],
      [
        0.030124100588604555,
        0.9824745959503709,
        0.18394620647320511
      ],
      [
        0.4053542533226951,
        -0.18022536047812074,
        0.8962180252336659
      ]
    ],
    "fx": 1159.5880733038064,
    "fy": 1164.6601287484507
  },
  {
    "id": 22,
    "img_name": "/Image Set Camera_00021",
    "width": 1959,
    "height": 1090,
    "position": [
      0.8264326030381328,
      0.04141052652261845,
      3.7033203503395686
    ],
    "rotation": [
      [
        0.9005976815538375,
        0.0487265024620035,
        -0.43191381540496404
      ],
      [
        0.03406766357084962,
        0.9827263011560282,
        0.18190220261177395
      ],
      [
        0.4333165243545143,
        -0.17853499649651833,
        0.8833810303302375
      ]
    ],
    "fx": 1159.5880733038064,
    "fy": 1164.6601287484507
  },
  {
    "id": 23,
    "img_name": "/Image Set Camera_00022",
    "width": 1959,
    "height": 1090,
    "position": [
      1.0128610301929142,
      0.05369368587973733,
      3.557107938005049
    ],
    "rotation": [
      [
        0.872368333978531,
        0.04990115733048944,
        -0.4862955524869624
      ],
      [
        0.04251180485535923,
        0.9832635511066804,
        0.1771596328541584
      ],
      [
        0.48699716253738284,
        -0.1752217553905852,
        0.8556465976782587
      ]
    ],
    "fx": 1159.5880733038064,
    "fy": 1164.6601287484507
  },
  {
    "id": 24,
    "img_name": "/Image Set Camera_00023",
    "width": 1959,
    "height": 1090,
    "position": [
      1.1010363087985844,
      0.05962092881080516,
      3.479095527210144
    ],
    "rotation": [
      [
        0.8562863507294344,
        0.05005778534577287,
        -0.5140699404563007
      ],
      [
        0.047240756226791074,
        0.9835302750440599,
        0.17446062312991056
      ],
      [
        0.5143364623527958,
        -0.17367330306651138,
        0.8398187824146224
      ]
    ],
    "fx": 1159.5880733038064,
    "fy": 1164.6601287484507
  },
  {
    "id": 25,
    "img_name": "/Image Set Camera_00024",
    "width": 1959,
    "height": 1090,
    "position": [
      1.3324861491513595,
      0.07882582760107548,
      3.2496357278007495
    ],
    "rotation": [
      [
        0.805414159927371,
        0.04957759460363568,
        -0.5906353300487578
      ],
      [
        0.060565221569863555,
        0.9843955543809964,
        0.16521878359049952
      ],
      [
        0.5896099430341052,
        -0.16884150742115675,
        0.7898434404659387
      ]
    ],
    "fx": 1159.5880733038064,
    "fy": 1164.6601287484507
  },
  {
    "id": 26,
    "img_name": "/Image Set Camera_00025",
    "width": 1959,
    "height": 1090,
    "position": [
      1.3520831499634487,
      0.080374379152505,
      3.229156737847999
    ],
    "rotation": [
      [
        0.8007294246570535,
        0.04942257356783958,
        -0.5969839174637082
      ],
      [
        0.06178185127552482,
        0.9844623292744312,
        0.16436826059957663
      ],
      [
        0.5958316803773973,
        -0.16849727434440262,
        0.7852345364266361
      ]
    ],
    "fx": 1159.5880733038064,
    "fy": 1164.6601287484507
  },
  {
    "id": 27,
    "img_name": "/Image Set Camera_00026",
    "width": 1959,
    "height": 1090,
    "position": [
      1.5036210842324862,
      0.09398570772554438,
      3.0489626112315897
    ],
    "rotation": [
      [
        0.7589278707210756,
        0.048667521459302816,
        -0.6493534934053891
      ],
      [
        0.07035217866229443,
        0.9852381933971078,
        0.15606496477131487
      ],
      [
        0.6473631577408796,
        -0.16412548439109462,
        0.7443008581031904
      ]
    ],
    "fx": 1159.5880733038064,
    "fy": 1164.6601287484507
  },
  {
    "id": 28,
    "img_name": "/Image Set Camera_00027",
    "width": 1959,
    "height": 1090,
    "position": [
      1.642005874371689,
      0.10923418497473025,
      2.8628836917693095
    ],
    "rotation": [
      [
        0.7130520630152175,
        0.04753899812958488,
        -0.6994975332955631
      ],
      [
        0.07847376617120591,
        0.9860178337800165,
        0.14700578046686008
      ],
      [
        0.6967055500372084,
        -0.15971498090222813,
        0.6993514863234022
      ]
    ],
    "fx": 1159.5880733038064,
    "fy": 1164.6601287484507
  },
  {
    "id": 29,
    "img_name": "/Image Set Camera_00028",
    "width": 1959,
    "height": 1090,
    "position": [
      1.70658022543898,
      0.11499467326043311,
      2.768620865919898
    ],
    "rotation": [
      [
        0.6893014991770893,
        0.046801889024360756,
        -0.7229612897078022
      ],
      [
        0.08236895246454551,
        0.986377649951274,
        0.1423885084776704
      ],
      [
        0.71977690911984,
        -0.15769817646489637,
        0.6760565702938888
      ]
    ],
    "fx": 1159.5880733038064,
    "fy": 1164.6601287484507
  },
  {
    "id": 30,
    "img_name": "/Image Set Camera_00029",
    "width": 1959,
    "height": 1090,
    "position": [
      1.8304469671456063,
      0.12756423597003663,
      2.579751035192659
    ],
    "rotation": [
      [
        0.638930135939943,
        0.044830814479534256,
        -0.7679573422143106
      ],
      [
        0.08880736775084506,
        0.9873271186598593,
        0.13152342830076408
      ],
      [
        0.7641214123560026,
        -0.15223455203048236,
        0.6268517435144821
      ]
    ],
    "fx": 1159.5880733038064,
    "fy": 1164.6601287484507
  },
  {
    "id": 31,
    "img_name": "/Image Set Camera_00030",
    "width": 1959,
    "height": 1090,
    "position": [
      1.889074099882492,
      0.13118651935388742,
      2.484595906742255
    ],
    "rotation": [
      [
        0.613088460770265,
        0.044060257177601835,
        -0.7887846556619815
      ],
      [
        0.09160390304389768,
        0.9877441158769421,
        0.12637359889471464
      ],
      [
        0.7846854555919023,
        -0.14973394834813383,
        0.6015384281112945
      ]
    ],
    "fx": 1159.5880733038064,
    "fy": 1164.6601287484507
  },
  {
    "id": 32,
    "img_name": "/Image Set Camera_00031",
    "width": 1959,
    "height": 1090,
    "position": [
      1.9989541103500728,
      0.13246613540966967,
      2.2811079035433273
    ],
    "rotation": [
      [
        0.5583758141603652,
        0.04129445359168922,
        -0.8285597252240259
      ],
      [
        0.098094190310045,
        0.9884670452504161,
        0.11537083808887114
      ],
      [
        0.8237681591249847,
        -0.14569718101760126,
        0.5478853451730191
      ]
    ],
    "fx": 1159.5880733038064,
    "fy": 1164.6601287484507
  },
  {
    "id": 33,
    "img_name": "/Image Set Camera_00032",
    "width": 1959,
    "height": 1090,
    "position": [
      2.050071027079873,
      0.13059383720643303,
      2.173385282346138
    ],
    "rotation": [
      [
        0.5302772956599768,
        0.040099083756269624,
        -0.846875464982573
      ],
      [
        0.10090794826313226,
        0.98879567469434,
        0.11000318033170689
      ],
      [
        0.8417978235211033,
        -0.14378865458607182,
        0.5202895800681201
      ]
    ],
    "fx": 1159.5880733038064,
    "fy": 1164.6601287484507
  },
  {
    "id": 34,
    "img_name": "/Image Set Camera_00033",
    "width": 1959,
    "height": 1090,
    "position": [
      2.0989513436966396,
      0.13051259936111814,
      2.0635413362122974
    ],
    "rotation": [
      [
        0.5015877444235867,
        0.03901213837188336,
        -0.8642266992541434
      ],
      [
        0.10341557219581565,
        0.9891153609614557,
        0.10467101861308728
      ],
      [
        0.8589033438469492,
        -0.14187619874292604,
        0.4920936802670677
      ]
    ],
    "fx": 1159.5880733038064,
    "fy": 1164.6601287484507
  },
  {
    "id": 35,
    "img_name": "/Image Set Camera_00034",
    "width": 1959,
    "height": 1090,
    "position": [
      2.2189777719600046,
      0.12711585526414848,
      1.7622406039059064
    ],
    "rotation": [
      [
        0.4247863168604991,
        0.03502324642387455,
        -0.9046159169603551
      ],
      [
        0.11126588075785177,
        0.9896555754470557,
        0.09056349024710042
      ],
      [
        0.8984300132938966,
        -0.13912301821226314,
        0.4164952544942609
      ]
    ],
    "fx": 1159.5880733038064,
    "fy": 1164.6601287484507
  },
  {
    "id": 36,
    "img_name": "/Image Set Camera_00035",
    "width": 1959,
    "height": 1090,
    "position": [
      2.228957017165484,
      0.1281454121023562,
      1.7358786190007147
    ],
    "rotation": [
      [
        0.4178958854288792,
        0.034520061129759666,
        -0.9078388592262454
      ],
      [
        0.1116633874987707,
        0.9897494474053159,
        0.08903549434450933
      ],
      [
        0.9016065199597396,
        -0.13857992906791888,
        0.4097575947137748
      ]
    ],
    "fx": 1159.5880733038064,
    "fy": 1164.6601287484507
  },
  {
    "id": 37,
    "img_name": "/Image Set Camera_00036",
    "width": 1959,
    "height": 1090,
    "position": [
      2.2982828838498373,
      0.13878563095459595,
      1.5158510830905245
    ],
    "rotation": [
      [
        0.3591785432544737,
        0.028794677712270386,
        -0.932824549741826
      ],
      [
        0.11629969021234347,
        0.9903517641962887,
        0.07535094697355497
      ],
      [
        0.9259941447558441,
        -0.13555164952424975,
        0.3523642918758197
      ]
    ],
    "fx": 1159.5880733038064,
    "fy": 1164.6601287484507
  },
  {
    "id": 38,
    "img_name": "/Image Set Camera_00037",
    "width": 1959,
    "height": 1090,
    "position": [
      2.3301480897106455,
      0.14403701625870818,
      1.4058542759021413
    ],
    "rotation": [
      [
        0.3284508082508366,
        0.025932976291957555,
        -0.9441650000397245
      ],
      [
        0.11790501744937366,
        0.9906783171717626,
        0.06822667180793318
      ],
      [
        0.9371331140343058,
        -0.13373089630435184,
        0.32233146596942663
      ]
    ],
    "fx": 1159.5880733038064,
    "fy": 1164.6601287484507
  },
  {
    "id": 39,
    "img_name": "/Image Set Camera_00038",
    "width": 1959,
    "height": 1090,
    "position": [
      2.3777368112913337,
      0.1496881918317171,
      1.2105657334719329
    ],
    "rotation": [
      [
        0.2728468858660213,
        0.021541193970386435,
        -0.9618162786288993
      ],
      [
        0.12082001920346898,
        0.9910669095313368,
        0.0564703797727482
      ],
      [
        0.9544407262019405,
        -0.1316144285188186,
        0.2678069124813193
      ]
    ],
    "fx": 1159.5880733038064,
    "fy": 1164.6601287484507
  },
  {
    "id": 40,
    "img_name": "/Image Set Camera_00039",
    "width": 1959,
    "height": 1090,
    "position": [
      2.4132111045173605,
      0.1535083519102527,
      1.042152866912616
    ],
    "rotation": [
      [
        0.22474366711118435,
        0.01793354327450383,
        -0.9742528789380294
      ],
      [
        0.12227174225244683,
        0.9914088561656016,
        0.04645536527641041
      ],
      [
        0.9667160416275135,
        -0.12956414605142508,
        0.2206200963602288
      ]
    ],
    "fx": 1159.5880733038064,
    "fy": 1164.6601287484507
  },
  {
    "id": 41,
    "img_name": "/Image Set Camera_00040",
    "width": 1959,
    "height": 1090,
    "position": [
      2.4527296362526316,
      0.1517703753127811,
      0.8446802326453365
    ],
    "rotation": [
      [
        0.16871436736070683,
        0.013443025041744062,
        -0.9855733089546427
      ],
      [
        0.12660482782808674,
        0.9913286955338391,
        0.03519424643031203
      ],
      [
        0.9775002198550632,
        -0.1307161141133872,
        0.16554944184260775
      ]
    ],
    "fx": 1159.5880733038064,
    "fy": 1164.6601287484507
  },
  {
    "id": 42,
    "img_name": "/Image Set Camera_00041",
    "width": 1959,
    "height": 1090,
    "position": [
      2.4874499148118785,
      0.14883220088283378,
      0.6225483394781474
    ],
    "rotation": [
      [
        0.10428757137530582,
        0.008134223470618672,
        -0.9945139198951267
      ],
      [
        0.1298705011732898,
        0.9912928999108922,
        0.021726470289774875
      ],
      [
        0.9860313156191537,
        -0.13142382202167144,
        0.10232313337450628
      ]
    ],
    "fx": 1159.5880733038064,
    "fy": 1164.6601287484507
  },
  {
    "id": 43,
    "img_name": "/Image Set Camera_00042",
    "width": 1959,
    "height": 1090,
    "position": [
      2.494683959600174,
      0.14909483464552117,
      0.5101993702394381
    ],
    "rotation": [
      [
        0.0725482174885883,
        0.0053591935648415814,
        -0.9973505076870233
      ],
      [
        0.13029266001325412,
        0.9913650414034365,
        0.014804642171736845
      ],
      [
        0.9888177682899407,
        -0.1310215010122276,
        0.07122350304923074
      ]
    ],
    "fx": 1159.5880733038064,
    "fy": 1164.6601287484507
  },
  {
    "id": 44,
    "img_name": "/Image Set Camera_00043",
    "width": 1959,
    "height": 1090,
    "position": [
      2.498736666223913,
      0.1483897422724199,
      0.3982465898141752
    ],
    "rotation": [
      [
        0.041319310067074067,
        0.002819478662872219,
        -0.9991420145082732
      ],
      [
        0.1308254216242404,
        0.9913714444791344,
        0.008207808976458082
      ],
      [
        0.9905440039051373,
        -0.13105231631460734,
        0.040593924621245656
      ]
    ],
    "fx": 1159.5880733038064,
    "fy": 1164.6601287484507
  },
  {
    "id": 45,
    "img_name": "/Image Set Camera_00044",
    "width": 1959,
    "height": 1090,
    "position": [
      2.4816635052991796,
      0.1448635406369625,
      0.08841882151863908
    ],
    "rotation": [
      [
        -0.046022135458289176,
        -0.0037680875878553844,
        -0.9989333133717132
      ],
      [
        0.13162218661103753,
        0.991251481189458,
        -0.009803113354173125
      ],
      [
        0.9902310654789559,
        -0.13193294719529236,
        -0.04512354601287559
      ]
    ],
    "fx": 1159.5880733038064,
    "fy": 1164.6601287484507
  },
  {
    "id": 46,
    "img_name": "/Image Set Camera_00045",
    "width": 1959,
    "height": 1090,
    "position": [
      2.478935071779332,
      0.14387390410290404,
      0.061723528304719236
    ],
    "rotation": [
      [
        -0.053348019003423376,
        -0.004222038515864409,
        -0.9985670549638521
      ],
      [
        0.13191400321380634,
        0.9911974554693096,
        -0.011238328491111952
      ],
      [
        0.9898245726513958,
        -0.13232452025961328,
        -0.05232147468817106
      ]
    ],
    "fx": 1159.5880733038064,
    "fy": 1164.6601287484507
  },
  {
    "id": 47,
    "img_name": "/Image Set Camera_00046",
    "width": 1959,
    "height": 1090,
    "position": [
      2.4524670293351263,
      0.1401794424138195,
      -0.15882116901440643
    ],
    "rotation": [
      [
        -0.11154277935984942,
        -0.008048748943251046,
        -0.9937270379803139
      ],
      [
        0.13234928724501405,
        0.9909389899891465,
        -0.02288196418638233
      ],
      [
        0.9849070385261832,
        -0.13407138307535518,
        -0.10946684293357807
      ]
    ],
    "fx": 1159.5880733038064,
    "fy": 1164.6601287484507
  },
  {
    "id": 48,
    "img_name": "/Image Set Camera_00047",
    "width": 1959,
    "height": 1090,
    "position": [
      2.435108602076348,
      0.13589362484886264,
      -0.2699390009840776
    ],
    "rotation": [
      [
        -0.13874691675376133,
        -0.010055418907020911,
        -0.9902768207132433
      ],
      [
        0.13229710603891892,
        0.990797507855359,
        -0.02859675088776384
      ],
      [
        0.9814513583591659,
        -0.1349784685726361,
        -0.13613979652083377
      ]
    ],
    "fx": 1159.5880733038064,
    "fy": 1164.6601287484507
  },
  {
    "id": 49,
    "img_name": "/Image Set Camera_00048",
    "width": 1959,
    "height": 1090,
    "position": [
      2.3915575209291853,
      0.130797597431018,
      -0.4887786872934918
    ],
    "rotation": [
      [
        -0.19163863963515818,
        -0.013447187138138203,
        -0.9813734278840333
      ],
      [
        0.13117499642243657,
        0.9905843549803627,
        -0.03918872263435681
      ],
      [
        0.9726601421423414,
        -0.13624172938645007,
        -0.18807030350757023
      ]
    ],
    "fx": 1159.5880733038064,
    "fy": 1164.6601287484507
  },
  {
    "id": 50,
    "img_name": "/Image Set Camera_00049",
    "width": 1959,
    "height": 1090,
    "position": [
      2.3643453361563607,
      0.12665865172224272,
      -0.5950532600885275
    ],
    "rotation": [
      [
        -0.21735687620365476,
        -0.015391341858358948,
        -0.9759708473939108
      ],
      [
        0.13048825863112623,
        0.9904425661778529,
        -0.044680392371217764
      ],
      [
        0.9673307618009495,
        -0.13706432686453754,
        -0.21327111284645606
      ]
    ],
    "fx": 1159.5880733038064,
    "fy": 1164.6601287484507
  },
  {
    "id": 51,
    "img_name": "/Image Set Camera_00050",
    "width": 1959,
    "height": 1090,
    "position": [
      2.2973631381550788,
      0.12314508121088069,
      -0.8026141362393012
    ],
    "rotation": [
      [
        -0.26698522380139994,
        -0.01886337430382488,
        -0.9635159902054506
      ],
      [
        0.12812036447776237,
        0.9902385962008471,
        -0.05488802055331351
      ],
      [
        0.9551460948346079,
        -0.1381003102967167,
        -0.26196229083238076
      ]
    ],
    "fx": 1159.5880733038064,
    "fy": 1164.6601287484507
  },
  {
    "id": 52,
    "img_name": "/Image Set Camera_00051",
    "width": 1959,
    "height": 1090,
    "position": [
      2.218604975585782,
      0.11783759347067566,
      -1.0090514555357772
    ],
    "rotation": [
      [
        -0.3144126361463472,
        -0.022035996425633215,
        -0.9490306154666635
      ],
      [
        0.12516110843071832,
        0.9900405982468915,
        -0.06445394293083255
      ],
      [
        0.940999145147273,
        -0.1390468578734037,
        -0.30852322464870424
      ]
    ],
    "fx": 1159.5880733038064,
    "fy": 1164.6601287484507
  },
  {
    "id": 53,
    "img_name": "/Image Set Camera_00052",
    "width": 1959,
    "height": 1090,
    "position": [
      2.1765153743425416,
      0.11342690960697896,
      -1.1095547035831352
    ],
    "rotation": [
      [
        -0.3378003454612145,
        -0.023723425220524202,
        -0.9409187667923786
      ],
      [
        0.12351068746796208,
        0.9899204683602758,
        -0.06930062339231596
      ],
      [
        0.9330787944688678,
        -0.13962329826063563,
        -0.3314653796331467
      ]
    ],
    "fx": 1159.5880733038064,
    "fy": 1164.6601287484507
  },
  {
    "id": 54,
    "img_name": "/Image Set Camera_00053",
    "width": 1959,
    "height": 1090,
    "position": [
      2.0847573660985437,
      0.10236272252717321,
      -1.3039883266429133
    ],
    "rotation": [
      [
        -0.38398672365715386,
        -0.027041855107935348,
        -0.9229425410757519
      ],
      [
        0.12090711060734324,
        0.9894917014523209,
        -0.07929466162091038
      ],
      [
        0.9153882600621597,
        -0.14203841321738442,
        -0.37668212396005646
      ]
    ],
    "fx": 1159.5880733038064,
    "fy": 1164.6601287484507
  },
  {
    "id": 55,
    "img_name": "/Image Set Camera_00054",
    "width": 1959,
    "height": 1090,
    "position": [
      2.035018102739391,
      0.0964535063863215,
      -1.397587917004026
    ],
    "rotation": [
      [
        -0.40627976159932,
        -0.02874309328923558,
        -0.9132965509093779
      ],
      [
        0.11922224815005694,
        0.9892933464374564,
        -0.08417083960983851
      ],
      [
        0.9059375314340641,
        -0.14308217667740877,
        -0.3985030487416738
      ]
    ],
    "fx": 1159.5880733038064,
    "fy": 1164.6601287484507
  },
  {
    "id": 56,
    "img_name": "/Image Set Camera_00055",
    "width": 1959,
    "height": 1090,
    "position": [
      1.980615647080144,
      0.08978790346156329,
      -1.4902868554735758
    ],
    "rotation": [
      [
        -0.42828221012780515,
        -0.030299712045576254,
        -0.9031369087452897
      ],
      [
        0.11745059041946435,
        0.9890933318738905,
        -0.0888804795932452
      ],
      [
        0.8959797471473124,
        -0.1441398913991585,
        -0.4200523591283318
      ]
    ],
    "fx": 1159.5880733038064,
    "fy": 1164.6601287484507
  },
  {
    "id": 57,
    "img_name": "/Image Set Camera_00056",
    "width": 1959,
    "height": 1090,
    "position": [
      1.8666007387258317,
      0.07597694240162478,
      -1.6735521027025722
    ],
    "rotation": [
      [
        -0.47182948332921837,
        -0.03362223535739211,
        -0.8810485139598471
      ],
      [
        0.11295234011286101,
        0.9887337133454089,
        -0.09822124493828818
      ],
      [
        0.8744247866593852,
        -0.14586017065590856,
        -0.462716006954501
      ]
    ],
    "fx": 1159.5880733038064,
    "fy": 1164.6601287484507
  },
  {
    "id": 58,
    "img_name": "/Image Set Camera_00057",
    "width": 1959,
    "height": 1090,
    "position": [
      1.8047048674879842,
      0.06943725579713927,
      -1.7631457460440614
    ],
    "rotation": [
      [
        -0.4928375490331731,
        -0.03535503920580424,
        -0.8694027671141441
      ],
      [
        0.11022179629143793,
        0.988588551144031,
        -0.10268316400089361
      ],
      [
        0.8631119891910108,
        -0.1464332535652394,
        -0.48331666261886197
      ]
    ],
    "fx": 1159.5880733038064,
    "fy": 1164.6601287484507
  },
  {
    "id": 59,
    "img_name": "/Image Set Camera_00058",
    "width": 1959,
    "height": 1090,
    "position": [
      1.6700948246389964,
      0.05594930742422949,
      -1.9371464356091417
    ],
    "rotation": [
      [
        -0.535691012868178,
        -0.038646987997969444,
        -0.8435292224048615
      ],
      [
        0.10485921768223525,
        0.9881753733103597,
        -0.11186588420962329
      ],
      [
        0.837878083732553,
        -0.14837736317112543,
        -0.5253041736927747
      ]
    ],
    "fx": 1159.5880733038064,
    "fy": 1164.6601287484507
  },
  {
    "id": 60,
    "img_name": "/Image Set Camera_00059",
    "width": 1959,
    "height": 1090,
    "position": [
      1.5955816167430352,
      0.0500055815733797,
      -2.0226527669851766
    ],
    "rotation": [
      [
        -0.5577164652264909,
        -0.04054025256500196,
        -0.8290409111360152
      ],
      [
        0.10167859989519581,
        0.9879471893167732,
        -0.11671252479678701
      ],
      [
        0.8237801932182037,
        -0.1493882158774707,
        -0.5468723381359905
      ]
    ],
    "fx": 1159.5880733038064,
    "fy": 1164.6601287484507
  },
  {
    "id": 61,
    "img_name": "/Image Set Camera_00060",
    "width": 1959,
    "height": 1090,
    "position": [
      1.4360503755757115,
      0.039643305740633406,
      -2.1933428316340198
    ],
    "rotation": [
      [
        -0.6030969843510882,
        -0.043995869875893635,
        -0.7964536338673375
      ],
      [
        0.09447324835170115,
        0.9875103686945201,
        -0.1260875769720819
      ],
      [
        0.7920535542578552,
        -0.1512865993889621,
        -0.5914080926338618
      ]
    ],
    "fx": 1159.5880733038064,
    "fy": 1164.6601287484507
  },
  {
    "id": 62,
    "img_name": "/Image Set Camera_00061",
    "width": 1959,
    "height": 1090,
    "position": [
      1.2678280776614554,
      0.031124513658267516,
      -2.357293264625361
    ],
    "rotation": [
      [
        -0.6483357918991596,
        -0.04757591041412395,
        -0.7598665894028747
      ],
      [
        0.08595466906269297,
        0.9870910117231899,
        -0.135141146367834
      ],
      [
        0.7564869435811914,
        -0.1529309233724712,
        -0.6358770611270946
      ]
    ],
    "fx": 1159.5880733038064,
    "fy": 1164.6601287484507
  },
  {
    "id": 63,
    "img_name": "/Image Set Camera_00062",
    "width": 1959,
    "height": 1090,
    "position": [
      1.1817041673890027,
      0.026626965393651503,
      -2.4348986527544576
    ],
    "rotation": [
      [
        -0.6707494788061864,
        -0.04944300790105323,
        -0.740034138165886
      ],
      [
        0.08116249284528305,
        0.986890312596799,
        -0.13949967977644812
      ],
      [
        0.7372298057162153,
        -0.15363235294783642,
        -0.6579432450381588
      ]
    ],
    "fx": 1159.5880733038064,
    "fy": 1164.6601287484507
  },
  {
    "id": 64,
    "img_name": "/Image Set Camera_00063",
    "width": 1959,
    "height": 1090,
    "position": [
      1.0926112102249794,
      0.021471762727233112,
      -2.5116176735218962
    ],
    "rotation": [
      [
        -0.6929946917922405,
        -0.051478817298728344,
        -0.7191024186562731
      ],
      [
        0.07616038978574215,
        0.98663873216612,
        -0.14402641152689782
      ],
      [
        0.7169086079658002,
        -0.1545766591667566,
        -0.679814757316567
      ]
    ],
    "fx": 1159.5880733038064,
    "fy": 1164.6601287484507
  },
  {
    "id": 65,
    "img_name": "/Image Set Camera_00064",
    "width": 1959,
    "height": 1090,
    "position": [
      0.9053716277287673,
      0.008181076245219354,
      -2.656967749782271
    ],
    "rotation": [
      [
        -0.7367925001212391,
        -0.05553483579073638,
        -0.67383432220301
      ],
      [
        0.06623411761180684,
        0.9858988590889267,
        -0.15367654769462363
      ],
      [
        0.672866891316016,
        -0.15785854953358888,
        -0.7227245844094916
      ]
    ],
    "fx": 1159.5880733038064,
    "fy": 1164.6601287484507
  },
  {
    "id": 66,
    "img_name": "/Image Set Camera_00065",
    "width": 1959,
    "height": 1090,
    "position": [
      0.8081393885829964,
      0.002361122326883236,
      -2.7262589478177235
    ],
    "rotation": [
      [
        -0.7585255011260085,
        -0.05775453671692269,
        -0.6490789456068895
      ],
      [
        0.060551383475975315,
        0.9855083674745042,
        -0.1584512151953499
      ],
      [
        0.648824008572959,
        -0.15949191555170228,
        -0.744036111202249
      ]
    ],
    "fx": 1159.5880733038064,
    "fy": 1164.6601287484507
  },
  {
    "id": 67,
    "img_name": "/Image Set Camera_00066",
    "width": 1959,
    "height": 1090,
    "position": [
      0.608318452961189,
      -0.009693249737837695,
      -2.8575772076869006
    ],
    "rotation": [
      [
        -0.8007501635847605,
        -0.0614162017830574,
        -0.5958416112336584
      ],
      [
        0.04750518623985142,
        0.9850852164285795,
        -0.16537948377648237
      ],
      [
